13.24611,14.161917,13.031482
19.547985,22.31587
21.705513,18.20163
17.074629,15.145945
10.230784,9.808552,9.583949,20.690502
13.411985,12.03623,10.387466,15.411709
16.403912,25.834553
10.742757,5.6363034,8.18643
7.402409,8.36772,8.252373,7.988455
11.188167,9.683454,9.560408
13.518301,12.34198,16.171831
17.032232,12.643379,14.684696
12.619696,11.636168,9.361235,12.381277
27.899239,17.225136,16.40358
28.314316,24.154171,20.517262
11.12818,13.669364,9.500191,11.330336
12.638929,10.175081,11.412481
14.929474,16.089169,16.961565
9.555759,9.542166,14.9755535,9.685904
9.430216,7.499774,10.59604,9.870121
13.430338,12.822018
24.776157,27.138912
18.579268,15.53204
8.009337,6.262188,8.175394,10.918591
20.787533,25.172682,17.3504
8.900655,9.984654,9.55352,9.31549
15.67371,26.115433,17.168064
27.638939,26.892666
10.369557,9.958273,18.333296
12.590277,11.532805,12.303253,13.585197
31.470081,34.15269
13.53191,12.823715
9.481991,9.8161745,10.33155,15.873129
13.421671,11.688256,15.950366
24.587866,17.093979,13.29541,12.104351
20.29308,15.509279,19.39859
20.180622,11.612499
12.564386,19.105522
21.377636,23.9036
11.293744,9.951225
16.07677,15.741919
13.776726,26.470718
23.97778,19.562342
12.083561,10.450529,9.903439
13.768568,15.182421,12.680433
21.08788,17.365583
11.595562,10.845397,10.60677
30.303955,13.86433
12.165276,10.335232,16.525923
10.338356,9.905043,11.36718,12.173049
15.6401615,14.920385,14.876842
23.408669,22.852287
11.867506,19.288074
23.71936,31.159203
10.031999,15.685419,14.604845
12.344633,12.106152,21.731956
6.269557,7.908564,7.796792,10.295965
9.361524,7.759891,13.897377,14.820356
9.562478,13.19212,9.227252,10.104374
13.68075,15.095308,13.997957
5.7574215,7.96379,5.8169794,6.261647
8.464934,11.6804085,9.73362,11.294589
8.523874,9.620125,10.733246,17.559416
10.836893,12.01182,11.781222
14.320213,15.298506
15.107641,19.565044
21.460403,31.413363
11.896418,11.523268,15.413765
33.868145,17.570036
30.994068,34.42961
22.362438,23.678879
16.928137,23.632881,13.993248
17.577686,21.420692
9.337695,9.330556,10.157174,10.790741
13.21875,10.626012
23.533657,11.805403,13.752924,10.273096
16.610025,15.774093,10.857265
21.350489,15.729438
11.530771,16.394043,11.242884
9.932045,12.640317,12.587656,12.438005
14.842184,24.79276
16.782969,24.942146
19.555407,14.59598,15.845577,21.222397
29.342197,15.251464
11.25827,12.208406,5.22854,11.010061
15.599331,16.952118
15.605118,22.056017
19.9295,28.772251
6.3114843,8.822331,11.058261
15.1227455,19.228666,13.684378
11.34787,15.138974,19.976799
37.121708,27.09026
12.016826,8.4725,13.079233
13.303791,12.416054,13.703314
9.518652,9.112054,12.860992,9.0789
15.678078,17.27015,14.0939865
11.857695,12.187971,13.580031,9.96763
9.152349,9.484537,12.025197
20.122,19.668941
23.922373,21.327688,24.257755
11.391069,6.4878798,7.581559,13.186094
21.082043,14.854536,24.31662
13.874868,16.89225,9.033398,9.594282
9.049469,9.182843,17.969793,7.767424
12.629061,9.419228,7.4678717,13.491247
13.461339,13.646928,14.110259,12.036863
13.279178,10.882541,9.418952
11.764696,21.216227,16.23303
32.26093,21.590708,19.156015
11.782446,10.657663
7.4185534,19.870533,8.821458,15.555349
15.677473,13.542751,11.240621
8.040317,7.085516,5.854985,7.902463
27.661076,37.96157
22.710669,20.738277,15.500235
9.144683,11.782249,17.78646
25.56213,26.777637
11.26164,8.70008
9.398315,10.126125,10.243109,12.148912
9.988153,9.902968,8.679402,13.379221
12.223074,18.424637,17.511341
7.893749,20.363556,7.279379,12.292156
21.898834,28.435001
7.2892065,11.076429,12.882118
24.045485,22.262917
10.724206,10.6894455,8.945402,11.948477
16.822536,19.941538
18.760258,22.284145,15.231533
11.372645,16.670496,12.32135
16.102411,20.068811
10.080482,10.204893,12.082041
9.894644,10.788736,9.899001
12.827354,12.920784,12.423922
13.601418,10.958064,13.611492,8.388359
13.989713,22.831345,18.871922
12.449984,17.733763,11.082768
21.861687,15.54406,12.946659
22.062057,30.030998
7.7008767,7.645153,12.482891,10.085053
10.394561,14.279108,13.257039,17.47967
7.331938,7.887871,8.268217,8.109621
11.964215,8.399302,9.11014,9.914799
9.459877,8.668761,9.213467,11.7642975
8.842322,8.023165,8.996782,9.713966
19.427687,27.114548
11.048523,17.842213,12.39011
14.884193,10.628808,12.762901
30.52694,25.914694
8.703121,11.245956,12.366175,10.084373
27.018328,21.479641,19.609747
16.186152,22.254875
13.716312,14.4309025,13.008638
20.142977,11.844667,17.278898
17.75563,18.328037
11.386,14.618063,8.627397,12.594134
11.238183,11.566075,12.70112,7.9540644
9.18409,11.68008,14.147324,11.493557
15.931124,16.348757
10.881702,14.422535,16.046581,12.147672
19.67377,24.116058
23.48126,17.269495
8.813459,14.504303,10.504248,16.157396
9.250336,9.988722,8.113119,8.212278
2.7830563,6.0525303,6.148629,3.3563457
10.43126,10.5456085,14.370749,14.472612
11.912339,12.528656,11.552031,8.80437
14.3713455,16.446817,11.116495,10.520586
9.912699,14.777508,11.751241,10.425803
10.263692,27.514317,20.83709
14.227693,15.286535,11.639898,13.584351
15.761075,10.839277,24.020802
22.317305,19.669895,13.79376
16.314219,12.490122,12.037758
19.797728,17.75039
19.091236,23.34877
26.412846,23.683174
22.396189,23.179707,22.322544,14.655016
12.403713,11.992098
11.908804,11.567083,14.957958
10.119797,9.33377,9.172798,11.786359
16.956415,17.766481
13.287729,12.585314,11.968355,11.709996
8.471063,7.9091177,8.537405,9.042505
15.828302,23.119232,24.054195
14.875034,15.277481,29.463804,15.452129
16.68436,19.699028
6.1686783,7.557428,3.3189974,8.032249
18.35743,19.422703
19.375166,21.35192
36.003693,29.510246
18.596722,21.56279,25.955437
12.637966,13.046099,9.63661
8.504031,9.118636,7.668029
12.356401,16.75373,9.973342
6.720086,6.947014,9.336616,8.134903
15.247791,14.36422,12.420963
9.22587,12.808893
7.9332323,8.213383,10.9420395,8.705633
9.173606,10.245705,9.43572,12.963762
10.316599,9.512845,14.512814
26.365097,15.293195
24.13858,33.005707
17.678946,17.238646
10.570954,11.128181,10.066207,9.411093
14.218431,16.433296,16.802807
18.994204,17.49239
15.422548,8.508793,8.845603,9.066258
13.849248,26.863089
9.942078,10.859976,9.779148
10.001016,9.081944,12.122631,7.650525
6.4197392,7.224265,6.5415497,6.204797
19.131966,13.604046,13.362858,12.6653595
18.13633,14.207478,10.370314
16.203045,18.788885
8.56135,8.026773,10.106573,8.151262
11.567662,16.708948,23.49273
8.434822,13.429491,10.393007
13.617973,5.41609,16.565662,15.253536
10.921014,15.908674,11.206989
12.536301,10.677542,13.877327
15.593016,12.430021
16.275259,11.833465,9.625143,9.787804
17.240915,12.520211,8.92847
21.20776,17.389362
9.172036,12.086012,9.002551,16.820236
13.33843,11.804341,12.435381
15.951601,22.721424
17.507957,15.690802,20.922443
35.55946,18.836056
11.688874,12.171366,8.886121,16.028687
11.901903,8.467603,13.636127
10.50851,10.243111,9.191725,17.774576
21.745367,15.131729,12.820848
9.539382,11.57711,8.097898,16.273811
13.12702,18.857256,13.101744
15.217052,11.118519,11.216942,18.176666
13.349569,11.035102,9.409702,15.825935
7.786804,11.017906,10.83313,10.036984
13.393807,11.593407,9.875179
21.047009,26.986115
10.532324,9.657362,9.599297
7.705492,6.7903013,6.674423
12.814668,14.401623,12.9186535
18.411997,13.634247,9.869617
11.391882,10.135943,13.894945,11.707089
23.406414,12.538855,23.598269
11.362497,11.428587
16.781858,27.413948,23.385891
19.310265,11.589291
20.500776,15.689699
14.3603115,16.720795
15.005434,10.192809
21.73936,23.103458
16.559454,13.247742,12.195259
14.029282,16.641281,21.983953,22.95911
9.499681,8.068872,14.117334
21.540733,14.75297
15.871179,21.138218,26.256142
11.612209,8.462891,8.142782,16.754446
12.6239395,23.014069,14.004235
13.971443,14.632879,16.448551,14.053658
15.319319,12.694939
10.764471,8.232854,8.8620405,9.906501
16.681313,18.377733,12.770664
24.556416,24.77898
10.0301695,15.073334,11.283395
20.960869,28.358646,15.286118
16.30118,28.762825
9.575633,14.627171
8.638059,8.990451,8.565793
15.119834,8.953971,13.875013,10.003811
6.9843473,6.6811924,9.071788,9.836939
10.289551,12.478132,12.882062,11.884408
31.265038,27.810066
12.84429,29.11304
11.589444,11.855362
11.858742,18.015692,10.930925
3.1020577,6.9131727,6.1104956,5.95486
20.788956,15.884614
13.858654,13.293919,15.985922,14.976486
20.895267,23.870724
12.438248,19.522858,22.703959
10.409714,9.852017
18.92074,24.674831,32.128216
22.60985,27.377705,20.817453
8.533388,12.339195,11.193436
14.34655,16.202772,16.241806
16.510332,16.89285
14.038048,13.498661
36.82097,18.688747
7.17125,11.026305,7.7272444,7.9986525
11.958278,14.608971,14.486009,28.146439
3.5606036,4.2963204,5.9540787,4.9769616
24.941635,35.068825,17.572483
9.65761,10.528464
8.158847,15.001194,9.8996725,9.013908
21.030142,16.315424
6.7703943,12.324569,6.897344,7.9235334
10.799953,10.126132,9.225604,10.90292
11.925753,14.624107,10.963382
22.614754,18.704918
8.808197,10.250007,12.914555,9.703126
22.884048,20.969402,17.125195
10.431078,12.092512
11.060255,15.508982,18.563303,10.31968
15.972679,18.936554,12.617674
6.8513184,6.5485077,7.7884502,8.29672
11.180624,20.745079,12.4001,12.051009
28.016586,28.711836,31.421051
21.536985,27.350903,31.140106
18.609138,17.155083
16.455605,19.47765
7.514101,7.979975,11.606092,9.752975
16.971708,19.523247
11.505145,8.824019,12.565198,11.080132
6.910834,5.2383704,7.0622597,3.1975198
4.787954,2.6856575,8.808129,12.094526
7.9801435,6.46288,16.80402
27.077208,22.432447
12.75852,10.998126,21.71266
22.488285,15.148201
15.575886,19.749432,12.058023,13.278593
16.306736,12.4633045,14.616386
8.784632,7.4204936,7.6190853,8.137579
20.22686,21.851099,17.13744,14.742096
15.9030285,14.845331
8.679044,8.184641,10.253981,7.9396434
7.2127953,8.22267,6.877202,8.878489
16.894016,23.119513
15.783934,30.012997
13.10252,14.362646
13.596561,24.104973,24.45111,12.287209
42.407993,22.716543
31.261694,16.706137
13.217642,12.6722355,9.546874,10.706533
27.285892,18.942425
8.329672,9.646451,9.367363,7.834176
18.576696,21.029892,15.511137
16.544607,8.763458,8.042278,8.176167
4.9096227,8.371578,12.214008,6.4267893
13.958561,10.365644,9.956121,17.506184
8.65197,7.032776,15.185026,8.003867
15.569458,25.8194
18.494295,19.728676
16.224216,9.824582,13.220022,10.156682
19.567226,14.832794
17.877981,8.530796,8.776384,9.908058
10.656068,10.390727,8.865336
31.345865,25.576546
11.576878,11.872509,9.520434
14.9524765,14.569563
16.468653,10.838895,11.861171,8.810972
8.467363,9.795619,11.093973,9.938268
14.742865,15.520256
39.240433,37.56131
15.271416,15.520149
19.740437,16.288635
11.005898,15.610918,11.362007
9.463446,10.42869,9.348292,8.896061
18.787025,21.48772
7.361708,10.285482,8.508859,11.381626
11.841291,12.464775,16.522856
12.199968,13.982771,17.123375
6.1935587,6.1797132,6.330206,5.20898
15.790564,18.587868
10.932159,8.438912,13.095031,7.955724
14.879485,17.802437,12.680115
12.785164,14.556911,10.925836
9.646732,10.858374,9.902165,11.680165
10.804925,11.351122,12.096653
12.719206,13.49016,12.496121
10.484662,13.45069,10.465122,11.240957
9.979241,24.361958,8.083922,19.769796
13.369772,9.419301,11.375626,11.186825
12.400718,13.0712185,16.435589
10.304311,9.857742,8.35775,9.136141
15.815247,22.836878,9.577407
7.3226414,5.832366,8.18434,7.4516706
21.346949,15.331364
12.319899,12.210472,13.931308
10.4638405,24.56809,9.507425
10.990635,7.961872,8.76152
12.553016,9.135592,13.27139,12.332163
7.6243134,9.910738,10.84868,8.446063
10.790876,12.04476
12.969713,20.208652
12.456421,15.724449,11.636797,26.803158
13.962816,19.555912
29.109447,26.52052
18.998579,12.500339,9.866493
10.769041,10.995782,14.140154
20.024567,36.386555,13.3682575
9.16377,16.300348,9.579743,9.091088
9.049803,5.164329,7.724044,16.038776
11.060154,7.382079,11.531994,3.9543836
19.54758,14.681938,14.095909
7.47919,14.016136,10.157061,11.052287
13.086281,13.554117
7.127472,5.9772353,6.529279,6.4913135
12.019848,9.18577,11.021709,12.250011
11.363461,13.078563,11.790966,29.323616
15.464032,14.587328,15.259842
33.90283,27.390411
7.320982,8.3346815,11.723525,9.47294
15.621891,17.11117,17.830345
23.155731,20.649544,25.027493
32.75201,18.50915
36.637672,30.528759
15.4086,19.298826,15.919982,14.060438
11.687396,14.932114,11.875433
16.122395,22.9605,12.004482,26.583466
12.9485035,12.293631,12.796089,11.456181
22.55873,13.809956,11.923323
14.265997,15.232666,10.40236
15.774047,9.296418,9.804922,16.550453
18.645763,28.006828,14.230587
12.568779,10.284053,13.084858,21.08039
13.47229,10.382231,11.848687,10.106079
13.1202545,7.5389204,9.375111
16.180918,22.082129,11.392912
14.01315,15.949472,15.667948
9.97335,13.254732,23.669868,10.272349
13.214346,15.737055,16.926939,11.132551
13.752644,17.94028,13.077905
9.293586,10.204145,7.0553784,8.648465
16.9088,36.565445
15.970095,16.786007
16.382156,14.979311
17.850834,9.390646
10.166723,10.192346,15.056623,13.565044
22.032722,19.2973
9.141069,8.697669,8.569457
16.83933,20.718428
19.723122,29.053316
12.565617,22.749151,9.689125
10.00455,18.429935,9.230362,8.359689
25.931643,14.317141,21.739038
9.323357,8.62025,10.135073,15.266209
10.076485,8.21604,13.195796,13.504849
14.601727,17.297598
30.361042,26.48233
21.523518,21.80007,17.91783
12.685001,13.141886,11.308037,14.724098
23.179373,17.76458
28.107128,29.327242
18.172867,14.698154
10.466515,9.489002
15.511963,7.0556087,7.2109566
39.534008,34.75837
16.978033,17.8133
8.255661,9.721614,7.926194
19.794619,17.811468
15.3816185,24.017618
15.183037,23.321404
12.084929,23.880491,11.155471
20.729128,9.474769
18.28222,13.922237,19.971512
8.395757,5.8892045,7.1121416
11.499263,12.4550705,9.083726
12.882577,12.031446,12.660114,29.732708
11.4001045,11.044817,10.47077
20.895489,28.363796
4.469165,7.6468887,6.456643,3.4888892
8.932906,10.990363,8.7166395,12.910355
7.1056366,11.505194,11.441939,10.00322
13.343596,9.917934,12.825797,15.322348
9.279563,14.666279,9.564221,9.815145
21.832468,17.863138
8.800885,9.506759,13.543245,14.784252
7.9807105,7.6175356,8.260433
17.630959,19.682844,34.495735
25.136713,23.23547
10.898928,16.311474,12.730698,11.861108
15.78993,19.44461
23.447557,21.20543
9.736288,8.091567,9.8263855
9.966604,11.890141,10.830023
7.177706,4.1247816,7.7345,17.72591
10.992397,12.871643
24.379002,20.25569
21.130114,12.526211
18.703243,19.59589,25.462412
9.372223,10.031803,10.800893,11.845449
13.273238,17.611773,14.774624
4.7951365,8.159681,3.9716568,7.6169367
17.603964,12.315201,12.229324
35.582245,28.564114
11.494073,9.335686,9.953363
30.573341,24.004723
11.6532955,11.886976
17.211254,15.802572
8.0188465,12.645449,11.279524,16.115034
20.520178,20.186987
16.711288,12.928852,12.787321
18.256128,19.208042
8.784603,8.107126,9.354216
25.924324,41.629017
5.8658733,7.539963,6.2254534,3.9070277
12.129061,13.755598,17.57784
21.203709,26.330868
6.474372,7.8737974,6.2264786,8.776412
19.818092,29.928722
13.653967,14.212403,29.771091
15.991222,12.772725,12.843513
10.804189,16.582104,10.952648,9.927437
11.02601,11.572657
20.445082,29.417252
10.425699,11.36849,8.404141
11.7683525,11.178153,13.872187
15.201881,10.999113,13.6332855
11.101967,18.815659,30.061539
16.003885,14.490114
9.920779,11.293464,11.209003,8.272088
18.58791,18.519926
9.574043,12.889675,12.200991,10.795895
22.57759,21.053396
11.574514,12.9632635,13.670046,23.151045
16.811678,18.199852,27.579752
16.058775,14.257063,15.437983
14.123186,15.659424,10.286381
9.244378,12.303587,13.187288,10.941623
13.928286,9.820482,9.929426,8.805117
4.4737415,6.156501,3.3958244,3.3950434
9.389516,9.000502,7.8543563,6.7751913
9.241597,9.3215885,9.082756,10.023195
6.5068235,2.423781,0.67591333,4.173379
19.160238,13.356897,16.548096
10.350455,17.047606,20.343977,10.378506
8.469481,10.378213,9.409731,12.105808
7.282046,7.188825,9.122519,8.964785
14.25696,9.308054,14.971067
17.141695,19.910023
13.202417,13.782747,13.64439,10.686736
9.834478,19.363258,11.564515
10.52012,18.870327,10.032042,8.6718
12.573805,15.935959,14.944008
9.819914,9.306692,11.045515,11.258413
7.079705,9.021569,7.4020176,7.6157894
14.056095,20.227247
8.553306,8.008711,9.55568
7.512559,12.26589,9.321521,9.453472
14.488781,15.296262
21.258507,19.618404
27.94041,18.716518
11.651558,13.957,9.952709,10.468948
16.388834,27.048199,20.100456
6.3590584,6.568138,7.8270273,8.635681
14.90453,16.52795,12.997456
11.822315,9.218272,9.851164,10.482397
20.156807,13.456196,16.84356,12.719322
14.175936,17.185122,17.847458
16.673546,13.476737
28.463202,24.005728,36.656746
23.69668,15.30875,13.135044
16.302586,16.363665,14.337967
11.043648,19.66084
11.392207,10.656485,13.196678
15.302597,17.081425,19.389746
7.463887,7.4775653,7.231202,7.48204
10.257818,10.072768,8.162188,8.016585
17.432348,13.652281,15.77617
16.13053,11.661408,16.364223,10.718066
26.218967,27.810764
18.088242,24.530315
11.861701,22.278032,12.119207,16.048628
21.563122,30.40897,19.78009
13.2566395,11.027416,10.934091
18.45885,23.470526
24.43037,22.53012
8.493744,8.510025,8.747632,9.53388
17.103783,33.08955
12.687838,9.724137,17.210989,10.158049
9.2079735,14.381639,11.100015,9.038198
12.2713585,15.087299,10.219009
9.342371,6.0509367,6.186114,8.257029
29.351562,21.433931
11.970123,16.462496,9.916178,9.276365
23.598335,19.900616
14.485331,13.36356
13.22629,17.942884,9.962684,9.844778
19.942776,24.843231,12.197546
22.115265,16.003231
12.698751,10.989833,22.80759
12.455296,21.152279,24.212261
28.69928,43.503494
15.347675,24.168728
6.0966196,5.1259093,5.2923174,4.606524
17.993835,18.175343,17.429468
23.062595,21.656008,21.792719
14.033979,8.334364,9.365404,8.0450115
16.014809,13.10077,16.712416
6.334094,6.9092665,8.117159,9.4859
7.8430037,9.534149,8.751408
16.689259,30.493885
23.573734,21.521984
7.6136227,6.857639,6.9691105
8.2566805,15.885078,9.513521,8.713979
10.944584,12.002663,10.561021,9.546697
9.08058,11.751504,11.194943,10.788034
29.65427,28.193544
9.961235,10.245241,11.374009,15.699403
25.549675,15.562328
22.257332,25.412653,36.89687
35.82982,29.386513,19.346859
20.758245,26.913502
11.476034,20.890879,14.503851
35.86745,29.60136
10.502605,16.335587,15.708679
20.596964,17.13833
10.062985,22.77145,11.041691,10.153197
9.467238,12.126732,13.432392,9.278308
35.399475,16.868525,22.553865
18.746025,12.106714,14.1826515
21.922667,21.2393,19.02655
25.225853,24.954727
11.851318,12.124102,10.964251,8.488018
12.011662,15.225977
22.499842,15.540951,10.747249,10.741642
14.502012,11.677373,22.508415
17.7295,12.95842,16.583406
11.881248,11.206576,6.617382
7.4782667,10.592867,6.9940124
18.435953,22.655115,27.497375
26.246468,24.657368
13.110749,12.851795,32.391716,12.696939
33.716953,22.497458
15.922615,18.047773
21.33887,16.593307,11.242313,11.41173
8.159537,9.287412,11.165501,19.327599
30.551952,24.223038,16.088491
11.702946,13.841553,12.596865
14.831932,11.644459,12.140388
13.478621,14.285103
28.757141,25.327324
26.38435,12.719664,19.409891
25.561531,17.015507,13.849779
26.080303,35.01973
16.750032,40.34834,26.766146
24.644917,22.858385
9.772017,9.131426,9.213562,9.114912
11.317396,11.835356,15.698659
19.124264,12.19725,11.022414
14.668312,16.029884,16.199303,22.416382
9.980005,9.150599,12.603072,10.032994
22.459494,16.520979
14.595125,13.060819,12.057999
25.639545,26.138252
14.903254,7.4787054,11.152288
11.5244055,10.648989,8.66798,11.766467
11.783012,11.351684,9.909636,10.587183
9.888253,16.865728,11.68997
10.724408,10.118908,9.033188,9.924702
13.290439,13.482626,9.593861
22.46205,13.288397,11.623637,13.706175
23.986492,13.566526
25.199314,33.417946
14.409694,17.193634,19.954554
9.091905,12.366116,13.271168,8.938491
6.474053,6.3219895,5.764501,6.7526994
17.796165,24.066452
14.016329,12.335578,16.480822,13.064349
10.265085,22.979689,18.7147
32.80682,22.56018
14.732447,32.903484
7.3969646,8.772701,10.35529,7.015641
35.24187,31.200592
10.750847,11.619071,9.920877,11.122231
23.022821,23.685495,17.385765
11.091753,15.578447,9.598759,15.881706
11.698213,10.388065,12.817682
13.695335,14.732332
12.59026,9.700279,9.590764,9.61299
13.714209,17.742146,6.674662
14.056099,13.011261,12.387701
22.616291,25.323586
14.480435,14.654375
16.445627,29.838692
30.228544,23.22846
9.654944,10.235429,13.574955,11.259661
25.107597,17.32063
11.039084,12.461624
13.899597,15.266724,17.158981
14.920158,16.281523,15.701783
41.31995,38.944477
15.546814,21.548399,26.025288
14.417816,16.91119,14.489281
18.376032,16.72374
8.377313,11.646235,11.175614,8.31274
8.999787,16.65495,10.094923,15.695763
8.695332,8.095735,8.925454,8.018381
20.420612,19.698278,25.443737
20.317705,20.714025
27.263596,20.634748
27.474113,17.67662,22.463861
29.07658,24.773994
20.448202,26.639187
12.496584,9.939047,13.937796
13.78365,13.6243725,13.313816,12.299252
14.039198,11.089501,11.356134
25.030693,12.097668,16.925114
16.21266,8.982141,8.935654,14.350447
9.341359,14.061782,9.663057,10.908089
7.9658585,8.275248,11.255909
13.45418,18.58224,17.965252,13.9546585
17.946148,12.444074,11.730752
9.24225,5.9343777
9.300059,7.5687838,8.162468,8.747775
16.662874,14.055014
26.598175,20.353085
12.825567,14.732108,24.326744
12.329958,16.638927,27.897026
10.93376,8.13062,10.987927,7.8618765
10.935528,8.73313,8.713173,8.349857
6.5265083,5.4702725
12.52301,10.839718,12.9249115,11.227051
35.147568,20.070147
8.213469,8.878986,14.94792,9.434438
11.022394,10.778996,12.430954,10.765261
7.396658,12.364662,8.3383465
29.602882,30.008049
12.021006,13.15375,9.929041,12.094036
13.439829,30.45856,14.762944
14.741373,18.873152
12.79324,16.25205
10.705906,15.538702,13.676693
12.410406,16.564621,11.143142
8.85932,10.879027,8.920496,9.061185
7.8731966,11.5259075,9.227669,10.811351
14.334145,23.340172
13.961445,12.255274,12.044699
24.517464,19.4948
16.123257,16.540823,11.211844
25.395569,17.243393,11.752708
10.401405,13.721012,13.702911,8.763497
13.648203,13.175121,14.5439
15.224909,14.006952,14.690834
12.602129,14.559931,14.721931,18.602798
10.69379,8.768914,10.91226,9.51766
7.5515394,12.13369,7.079584,6.8826866
14.976406,10.690337,9.796447
11.66838,13.093267,11.694674
26.691658,35.441177
5.015669,11.221548,9.641086,9.15127
30.913162,19.359161,18.55962
15.518793,16.93672,12.344893
12.81302,15.962165
10.772152,7.4309278,7.470319,7.17509
13.686853,9.249447,10.502556
6.459545,8.929466
10.8064995,23.101711
40.20561,17.928822,24.08081
7.5331345,6.335159,6.9981174,7.2412906
16.149796,22.144985
18.829987,19.610205,28.788956,15.434576
11.289068,11.794628,13.038823,11.022994
22.136002,31.894115
9.370991,17.69677,14.4767475,10.294062
6.123087,25.740355,9.889122
15.516741,17.983608,14.6511
16.803425,12.204395,13.02261
9.138394,9.053814,12.754838,17.85776
12.439987,11.380957,11.458652,13.044041
13.9832535,15.159956
16.386173,20.499926
11.35071,9.469601,11.052138,10.453491
12.133505,16.854786,10.668204,12.562359
13.763148,11.987218,11.627896
10.1157255,7.314537,9.955651,8.098707
16.57257,17.821312
8.037596,7.1695824,7.0342283,7.182929
12.401602,10.55434,20.197617
15.617853,27.345226,17.688307
8.029931,10.121107,6.0583916,5.9847608
6.4672995,7.5971074,6.5091085,8.4399805
26.28865,19.016031,17.44253
8.088432,10.360106,13.786785,9.895278
17.234135,20.526428
9.75948,8.702483,12.975582,14.047882
15.883675,18.70147
14.146704,8.535713,6.558384
24.693176,17.506516
7.522273,6.783636,9.545809,7.603614
11.575285,12.797977,18.141113
12.558423,21.860615
11.92599,9.985749,9.334307
17.842377,10.364419
9.600914,9.398779,10.68775,9.601783
22.481424,17.913567,18.02102
16.495863,20.276838,25.739685
9.343717,15.278261,9.043954,11.187651
17.667543,12.862121
11.161345,4.811207,17.594528,8.931091
15.469591,13.119019,13.9845
13.667458,16.217138,12.2703285
6.9564266,9.381468,12.807611
33.87365,19.458668
8.381157,9.874456,9.932383,9.6463
26.463703,39.33865
13.493738,11.102492,21.220844
12.417409,12.485359
42.565598,29.3452
8.233916,18.775463,7.387964,9.323825
12.503067,11.244497,18.76895
8.838264,9.144737,11.169578,10.495846
13.797693,15.868431,20.631336,12.070145
9.662721,11.792825,6.7034063,9.208221
14.937099,15.485541
4.66502,2.0444164,6.3369265,2.8581736
7.45872,4.8341136,0.37402785,2.569596
7.7856073,11.290837,6.2962976
9.976025,10.038289,11.7710285
3.4865205,5.823354,7.8351903,18.07209
18.560032,11.607604,7.800332
16.805143,18.710863,29.125265
11.1917,14.178953
5.1451535,6.256483,3.47431,6.2145004
11.905787,12.075803,15.953308,19.055973
17.347439,15.350426
16.081177,6.0958767,9.3710785,3.5037956
9.175566,19.455526,11.395625,10.6292305
19.075186,12.153095,12.968925
27.202484,16.702848
6.7228384,9.472012,12.396839,8.593078
30.463171,30.129314
13.891651,16.834925
23.465784,21.736969
11.296507,6.908902,7.5043955,10.707145
24.964996,20.76936
16.018517,15.00437,19.927221
22.542189,18.856377
10.8719425,18.87699
10.932932,8.123851,16.942251
10.648631,13.604624,21.683174,14.802735
18.930298,29.267887
9.290564,9.549183,17.625317,8.934094
23.790981,17.42952,14.775553
10.734161,8.31681,9.609534
18.968365,17.257017
14.773958,15.622879,9.636213,14.58798
8.844425,9.969623,11.664461
13.312498,13.852356,14.2847185
9.9893,11.549455,9.203458,8.524382
15.466189,11.245222
8.35473,10.263585
11.05542,12.686298,12.909149
7.682021,3.968852,3.4961567,11.068101
18.315607,23.853443,29.335333
13.466157,22.692457,16.827402
27.701382,15.673162
33.2889,32.276222
15.629452,24.069477
32.725525,32.58298
14.73768,11.928363
10.502955,11.127721,11.106015
15.548947,12.527941,12.465166
10.029568,11.764156,14.2239685,11.498526
11.631447,14.141947,12.052691
22.764156,20.01485,31.523956
14.415536,13.898268,14.319469,15.553299
12.7476635,13.236406
12.185453,19.583946,19.729683,14.788097
30.783844,26.79707
14.157196,19.231216
15.526431,25.234093
14.665247,12.720287,14.572821
14.788843,11.740765
14.357218,10.789202
20.64066,11.763713
11.6202545,9.348476,11.729715,15.1181755
12.86636,20.778538,13.357466
9.802312,14.21019
15.775511,18.109764
19.463612,13.727081,22.830412
18.388403,10.238437,11.346767,18.404062
12.729553,14.102568,13.312164
8.710869,8.656933,10.824793,9.536217
10.595708,14.033401,13.608528
20.624584,22.860514
10.9428625,11.103093,9.198645,7.489009
16.55928,9.881668
9.718811,10.265275,9.698969
13.759245,18.216301
10.831843,6.6278143,6.9699626
17.044971,25.348736,14.916215
12.333919,12.521139,11.123146
14.189829,9.153719,10.575842,8.934641
29.890179,15.93778
19.46515,25.856762,24.27462
21.276144,18.610355,14.776617
29.553284,14.846698,17.235868
20.575994,21.984505
12.076555,14.599546,12.418095,11.665899
18.495087,18.662277,24.713463
8.59507,10.113757,10.209488,12.629864
21.035902,27.708626,18.601131
5.6052547,7.1543407,6.4699516,6.27835
14.037912,13.05975,10.4035015,18.761612
17.703539,15.305059
7.2501297,14.790485,10.773708
30.606758,24.911076
14.121309,19.823425,12.288012,11.432403
10.677019,10.734144,13.5498295,11.36068
29.225262,26.098373,19.665943
20.510912,16.71116
18.488781,7.921506,9.774517
32.342476,35.388287
11.173232,20.681623
16.59694,16.391792
15.317797,13.965279,16.606054
11.490784,11.224247,11.502098
11.357779,9.351964,11.634065,10.755931
10.761669,15.713003,17.853931,9.872202
12.330651,14.097116,13.211313
9.7847,11.156526,13.785402,12.530665
14.013019,12.264492,11.448097
9.599771,8.983416,11.771746,9.413127
38.568985,21.900768
27.793655,22.550156
17.214857,18.169762,17.235056
14.938176,11.6102705,12.257511
23.50301,4.5582333,3.9247365,18.857895
29.159138,29.689522
7.851638,8.506807,7.383419,6.6900043
20.085705,23.690296,34.66763
10.878569,13.28958,9.297135
27.852612,20.75307
3.2797587,8.667543,5.1392837,5.0104246
14.840775,13.283806,13.18981
21.116985,25.031977,14.597364,12.246138
11.712191,20.285732,9.512642,9.654227
16.622591,14.985411,16.742624
10.47052,13.285313,10.643047,22.634022
5.056304,4.3616543,2.2549,5.597242
16.981735,12.485746
9.647619,11.420025,9.829123,14.577711
36.391365,29.567005
11.456078,14.407,18.158314
37.924877,27.276577
13.358364,7.421538,11.066343,6.9016867
10.878491,12.580528,20.457384
17.834682,14.588181,14.793569
12.403567,11.325017,13.8067875
9.468808,10.222351
8.824367,30.294155,20.786366
13.214445,14.395205,26.483185,27.901241
11.232773,11.859652,19.54972
21.319986,13.754056,12.187326
8.898683,9.638212,7.177109,11.0331745
7.3712244,9.101076,10.784564,8.565957
12.513966,18.156525,13.245623
33.908966,39.278374
23.592548,13.627197,15.061728
32.07092,21.926064
19.248722,14.193939,11.899843
20.296139,15.22551
10.389285,11.492534,10.216542,12.097027
14.839666,16.491304,15.556626
12.494154,5.503211,7.897409
15.5227585,12.2085495,17.059906
11.854212,9.462466,8.463188,10.454452
7.330619,8.762754,6.8777866,7.8365602
30.030972,19.796864
24.76714,17.292006
8.471349,11.844954,8.428731
7.8740892,7.38173,7.6294155
12.333563,11.988832,11.181977,14.640734
6.464079,5.794807,2.4409223,3.7970514
8.227583,8.576472,8.561994
13.418577,12.782337,24.625202
9.270731,5.3371944,4.5377073,7.4018936
10.066629,14.021093,12.84506,8.319814
8.915459,10.52812,8.036753,10.257613
10.880621,7.669357,8.788859,9.803592
16.241915,14.808081,18.824743,16.402847
8.886517,18.846739,26.414497,21.421598
21.685091,21.800432
13.3234825,14.412767,14.820022
18.882029,12.773189
20.561197,18.523294
8.795671,8.437916,9.980987,9.376375
17.886515,18.23859
8.108366,7.028574,12.048313,10.846954
15.479534,15.976653,9.872362
8.57123,12.144039,8.4520445,6.844206
17.205336,19.336256
16.175716,14.400224
19.580061,14.7498455
7.3868494,7.276627,8.262581,6.3811064
11.626025,10.7611065,13.871185
20.937529,23.092773
15.782956,15.981478
11.722112,12.336939,13.245825
20.267925,16.601871,15.898434
16.092472,11.689936,11.353551
7.3122153,9.100175,16.437542
18.70977,20.278105,38.55687
14.095604,20.376719,11.400837
10.773312,12.420494,18.364943,14.337288
9.354909,6.496028,7.0457754
10.779,15.127356,9.724584
