14.9215765 16.893673  16.131752
25.590126 30.773691
20.534447 17.088493
20.15527 18.66229
10.194238  9.780976  8.900917 22.428707
12.69468  10.665272  8.194555 15.231295
17.602112 30.944939
9.455396  2.3189907 3.5510983
7.105716  6.8094964 7.4371815 5.9361024
12.263605 10.711819  9.032025
13.630501 11.961749 16.177345
12.049047  8.755296 10.22277
14.129497  12.827664   8.858569  13.7759905
26.6668   15.807474 15.611429
29.594177 25.032793 21.253925
12.716678  15.967909   9.3940525 11.9579525
10.716864   7.9313726  8.441577
18.549099 19.122147 20.286108
8.2031765  6.1889777 13.835377   6.8009567
10.043627   6.0207143 10.187197  10.108437
13.328653 12.258661
28.942295 32.25683
21.315536 17.56088
8.7022    5.560709  9.942841 12.078375
24.588194 26.850248 18.825796
11.372772 12.706845 13.374784 12.364281
16.44753  25.551874 17.349907
32.194412 32.15334
9.26854   7.10687  16.576042
14.2955885 12.003272  14.371146  16.30865
25.370148 27.352724
14.465941 14.53476
8.887364  9.024503 10.280994 16.889523
9.422702  8.048654 13.128775
29.39134  18.986532 14.382676 12.437893
20.397408 15.069603 20.569427
21.30481  11.496784
13.166738 25.1915
16.598505 21.53979
16.343449  15.6083975
15.888421 16.01996
19.505667 36.5498
28.685871 23.368492
10.2523575  6.754468   7.049543
14.941058 16.614094 13.59567
24.380545 19.390831
9.540176 11.612121  8.996089
30.823599 12.101768
11.374657  8.945896 14.589674
9.693878  7.932247 11.41565  13.444812
15.166794 14.144851 12.859844
29.436766 29.823942
9.026023 10.962759
34.06073  45.420296
6.8343005 13.83822   12.975013
10.698025 10.259441 18.948284
9.004343 11.473944 12.148261 12.429174
11.505132  9.56398  18.240541 17.306284
9.8610325 17.973902  10.301596  12.297009
16.088764 17.07802  17.218945
3.4796472 7.8028183 2.7084556 3.471629
4.8303494 5.870495  6.4816227 7.6300273
6.948383 10.408673 11.824426 18.401901
6.1134114 7.2594175 6.7556458
15.681109 15.021134
16.665873 25.436512
24.419739 38.34518
11.407902 10.906878 14.874972
36.62027 19.64967
35.200966 38.673313
25.46892 28.21703
18.954554 25.327162 14.532521
19.098661 25.2364
12.02722  11.210724 13.122209 14.755784
16.40675 11.46202
29.379745 13.356249 16.985924 11.709177
23.26416  21.404972 15.504168
33.246284 21.30247
8.289655 13.375456  6.027609
13.169954 15.510371 16.078718 16.382101
15.95315  27.520136
14.4546585 24.258999
27.129343 21.721397 23.254185 25.6901
28.190258 12.580645
13.805154 16.802145 11.848721 14.354867
23.615154 27.281052
18.383919 29.241491
26.160486 39.954098
8.536803 10.86966  10.201089
14.309547 19.570532 14.904777
15.154734 21.785755 26.91518
41.224216 29.534452
6.739478  4.3236094 9.564501
21.234695 19.955921 19.638462
11.430979 11.111286 15.707079  9.728342
11.9782295 13.120654  10.001794
18.702507 20.063251 22.088806 16.095783
7.273966   6.1155763 10.365464
25.785778 23.79823
28.461742 24.315496 26.656681
10.824274   2.5246835  5.9858356 13.103997
24.918783 16.084751 27.460276
13.272701  15.409839   3.9786937  6.2735705
6.8067975  5.8432717 14.644299   2.4913032
15.960796 10.128496  9.50345  17.598993
19.749132 21.299896 21.215189 18.474157
15.16412  12.415166  8.918252
5.3174496 11.820065  11.038987
38.906254 27.532852 23.246557
12.787069 11.036416
11.812839 25.793379 13.64134  21.479418
13.137502 11.170684  7.926837
9.807576  8.135712  6.5605474 9.7706585
31.001684 45.315212
33.059803 28.831688 20.385677
9.236326 12.148332 18.022251
28.139524 30.225012
14.886087  8.18323
9.8885145 10.87593   11.327138  14.748734
3.9157937  4.8326554  3.2193818 11.7099085
15.224796 24.244331 23.294687
6.912106 22.471684  8.456155 14.914027
28.206139 37.46653
10.675936  9.725666 13.846964
35.5549   32.899353
7.8945875 11.14031    8.6172    13.6085005
13.954519 19.081327
22.752234 24.710749 17.280216
10.963482 18.633942 11.510941
16.33447  22.950985
9.394207  9.883124 10.457149
6.8288527 12.484936   9.897277
13.238907 14.255648 14.060918
13.436963 10.947524 15.754491  8.755589
12.037979 20.398157 18.513674
8.221216 13.359215  6.717599
19.963875 14.001848 11.801258
22.496178 32.596943
10.545238 12.382571 16.498362 13.083752
14.945001 18.076698 17.5195   21.438936
4.1598983 4.575917  6.6594205 6.0039487
7.7650046 1.881098  5.02415   8.268993
9.477769  9.088069  7.73693  12.846774
13.115072 10.43543  11.310818 12.714029
25.513767 37.21277
7.022511 13.585291 10.676086
12.410493   8.852582  11.1058855
37.884552 28.3047
8.004161 14.404091 16.891787 12.374955
30.950905 24.745642 22.770237
13.159347 19.04712
17.51367  18.008955 15.172006
15.879111  9.872184 16.132683
21.67512 19.54855
10.608461  15.177793   6.2994685 12.741666
17.16567  18.246021 19.86721  11.797973
12.240712 13.982    18.500885 16.128332
16.646198 17.964148
10.41048  14.274145 18.100525 13.034259
22.993076 31.44933
35.561592 22.669569
11.180689 17.250658 16.689379 18.038643
8.278847  9.2340765 6.935205  5.8304996
9.860906  10.611288   9.664072   7.6242023
15.005594 12.581184 19.024689 19.401463
15.532313 15.259565 14.916269  9.609358
21.467894 23.694704 16.773308 15.553149
6.2544594 11.880007  10.011249   8.4367695
7.3937416 24.735435  22.126202
15.814216 15.996343 13.185613 15.92132
19.010138 12.519897 26.902042
24.334614 21.222004 15.014026
22.150763 15.292041 15.33656
29.126654 25.893118
20.562717 25.728825
28.608229 23.899006
28.016163 28.808224 27.015766 18.675627
15.916474 16.495903
11.187726 11.945115 15.109019
9.89351    8.57404    7.7630434 13.365961
20.995928 25.654827
14.271729 13.458789 12.755067 13.233108
6.3396564  6.388269   8.652412  10.1806345
20.641344 29.42691  29.975113
19.527452 20.652313 31.020065 19.1212
20.208437 26.983866
7.886661 12.940133  7.839914  8.64994
18.654245 22.278181
24.45517  28.730846
52.753967 42.52598
24.82412  26.706839 29.696598
7.8311205 10.474609   7.375434
8.830146 11.380518 11.308501
8.919776  15.873224   4.8444567
6.2509537  9.6047945 15.60548   11.023514
17.58062  17.348894 14.960159
6.0950537 9.615801
8.505214   8.805087  11.7102585  9.566121
9.466106 10.137927  8.422456 13.581793
11.552728  8.202533 14.890642
28.507223 15.348766
26.410177 39.514824
27.397474 27.407738
12.955411 11.839128 10.931603 11.237815
12.86087  15.726925 15.685222
18.485361 16.45052
13.001367   4.705231   4.707516   6.4162827
14.097844 32.254322
9.756283 11.452237  9.610419
6.71297   7.009288 13.343479  5.503576
6.743102 6.843557 5.090752 3.582774
21.479307 13.677921 14.044516 13.078204
17.457909  13.69893    6.5716615
22.352903 27.074053
0.9152324 1.1931036 5.986136  3.4606233
9.40877  13.033918 19.12078
6.389108 18.787783 12.824386
17.30998  11.389167 18.40466  15.483041
8.965827 14.392212  8.945454
12.233193  9.650986 13.899097
16.73996  14.519537
16.161663  9.067339  4.708276  6.428782
19.246853 16.525763 14.741606
16.988735 13.23429
8.233061  11.171218   6.4878488 16.799759
14.2345495 10.88152   11.496207
13.336219 21.363169
19.89088  16.915373 22.219992
39.002407 18.533558
4.473658   5.945468   2.0354085 13.900251
12.738247  7.645384 14.450035
10.938761  9.766918  8.039959 19.336617
18.52293   13.033584   9.7157135
11.124186  13.597752   7.4337535 18.61807
10.254013  15.461076   9.0069895
18.96216  15.535954 14.728219 21.021046
13.8428545  9.15825    6.771783  17.706955
5.452065 13.41279  12.189123 11.788695
8.077933  6.9239335 5.7696834
18.323568 27.399654
7.246143  6.3593445 7.078727
6.9301996 5.730668  4.0724335
12.373533 12.012395  9.92276
17.603138 13.333113 11.872242
12.992653  9.768886 15.817231 13.9535
30.267431 15.273133 27.714043
15.977542 14.141835
20.10971  29.427547 25.65542
12.015535   2.6978428
21.32968  14.717222
15.822118 17.696377
22.63053  14.378157
26.361586 28.17764
12.511462   8.248803   7.6933775
20.738497 23.358723 27.29308  24.975344
10.681967  7.219731 14.907056
24.140078 18.571638
19.143654 24.531267 28.762257
12.392029  7.096819  7.247039 16.298182
11.611326 20.975555 12.309663
16.608349 16.979694 19.472042 17.39004
17.982958 13.352737
9.928368 5.597104 5.339611 9.223945
15.056952 17.624334 13.180875
28.760729 26.82171
10.50932  18.511452 13.368047
22.149078 30.26384  17.21957
18.068987 36.224834
8.220225 20.065197
12.619057 13.806587 14.036549
22.098467 11.790777 19.343342 13.541506
9.497688 10.279948 12.292433 11.917841
13.609306 18.322962 18.747742 16.355183
37.866673 32.08982
9.667827 32.30913
13.63422  14.532887
10.152106 17.322157  8.272628
1.9212005 9.987253  6.970421  6.3799267
21.65629  14.205269
15.532523 14.261431 18.003555 17.49513
22.70965  26.634624
12.501128 17.67189  20.67028
11.821829 12.19167
20.110159 26.147434 32.24208
29.398546 33.06445  24.302692
8.254785 12.003264 14.924664
16.789244 19.31706  20.506824
20.234346 22.700575
18.869022 14.603051
44.72433  21.322933
5.5494976 14.749086   7.798094   9.014993
15.044832 18.669205 18.308525 27.119434
4.5148683 6.6498528 7.377772  5.54191
29.573887 38.692677 20.173155
12.856603 16.01775
0.7430365 7.9733744 3.9588666 3.4452155
22.679956 16.157188
7.3820095 13.748748   6.2640157  6.758546
6.88158   6.4098496 3.9222512 7.8310566
8.079733 12.305502  7.158506
28.608868 24.93551
4.1648293  8.511842  12.140634   7.3987465
31.598825 28.62453  23.380194
14.191207 20.400188
15.577935 21.385729 23.229969 15.57628
14.928757 18.063608 11.710142
8.184474   7.1539435 11.9512005 11.822494
15.522249 25.599438 18.768303 16.688267
29.540533 29.667643 30.547123
24.526724 29.69128  31.882656
19.994257 19.933071
20.416643 25.270105
7.8177934  8.585789  13.269151  11.229794
19.370571 24.439474
15.800225  12.23736   17.139952  14.3047695
9.732166   8.757189  12.4948015  5.7241917
9.70486   6.022511 11.077946 13.34983
4.558597   2.3559866 10.516394
38.099857 30.559416
8.419974   6.3987184 16.989878
16.376114 11.999887
21.788475 25.124199 16.87459  17.01799
14.738931 10.917345 14.222123
5.848632  3.6524796 4.5706863 5.3854966
26.468903 28.888617 23.625107 19.879942
13.961904 12.152762
5.3029237 3.825653  8.287607  3.8967788
5.314644  8.2560005 4.8778    7.3705688
17.763271 24.790714
11.788452 30.398506
6.8025217 6.480578
18.620388 28.853443 27.66886  16.213133
53.52262  26.598637
32.73315  14.818315
15.422242  14.845371  10.8994875 12.817432
23.883047 15.641881
12.130083 13.461672 12.596949  9.95132
21.900831 24.159628 19.906334
14.6676     6.662143   5.121845   6.0033627
11.263007 11.767839 15.275126  8.622872
14.49914   9.600566  8.13737  17.973717
12.757733   7.3292766 22.228441  10.894468
13.9791765 25.68888
26.54025  29.819857
18.47661  10.999263 15.976252 11.679118
19.917028 17.132431
16.735207   5.4641833  6.112392  10.150214
14.676875 13.632042 11.438408
37.079216 28.143715
14.867259 13.937775 11.334528
11.248135 10.090758
19.851841 13.386698 15.044553 11.392845
10.596976 12.647102 15.081425 13.388214
10.805241  8.777906
48.051743 43.54592
12.638162 11.95983
19.423645 14.388283
8.726038 13.128535  8.880232
6.6983504 8.365587  5.714859  5.787238
24.253418 29.954065
5.5123324  9.207657   7.5382705 11.604516
14.243641 16.694738 23.13886
10.983395 14.362646 17.70479
11.058678  7.03123   8.537527  7.582715
13.284525 15.24892
9.465277   5.149609  11.6331215  4.606782
11.92894  13.74615   9.146845
9.229489  11.793803   7.4420743
13.84546  17.26397  15.525859 18.068884
16.36545  16.056864 17.112017
14.864238 16.08705  14.525018
12.0287   16.870337 13.3779   14.486993
12.558713 25.55351   8.911984 22.345217
14.663188  9.689515 12.024034 13.241369
11.080839 12.217283 14.958007
12.059555   9.9887     6.4096565  9.329459
17.887177 27.33896  13.517177
2.5394762 -2.4732857  3.48062    3.5883393
28.954044 21.886568
9.959079 10.226982 11.72355
10.703817 30.024105  7.546515
10.042855   4.4244757  5.130957
12.814291   7.8792157 13.842078  13.327706
3.8660235  7.127381  10.0602665  6.480111
13.207324 16.433882
9.986723 16.778591
15.655623 18.675707 15.207658 27.769384
7.930078 14.153417
40.647587 35.758324
17.413877  9.415608  7.997013
10.230895 10.551961 14.593039
23.749628 37.083927 13.813492
3.84482  16.018469  8.458733  7.877309
13.010252 10.75148  12.332004 17.808592
15.517211  9.876908 18.154356  8.597431
21.699806 15.559762 16.35917
8.24994  20.486647 16.064653 16.351084
20.947239 22.333256
11.147836  8.466847  9.167621  8.622619
11.6382    5.657393  9.495969 12.047558
15.466533 17.189425 16.759443 29.939497
19.291561 18.278568 20.434736
37.47366  28.681313
-0.05661173  2.6735344  11.06537     7.566947
9.9078245 12.192744  13.414762
26.679417 22.992683 27.091677
38.394905 22.75594
43.44145  35.717598
21.586302 26.814161 22.580807 19.390442
11.8292055 16.849588  11.566945
21.293861 28.116787 17.672184 27.116562
18.034704 16.12716  17.338217 14.381203
17.821896  8.086456  5.832712
15.154441 20.008562 15.563558
13.546545   4.2207103  5.9367285 16.686638
22.20188   32.9086    15.9976015
13.627012  9.599191 14.03322  21.702545
18.01907  12.009106 15.268252 12.365512
8.415714  5.3788085 5.061933
14.479569  21.044495   6.9458556
15.453903 19.105589 16.443151
8.784274 14.485555 25.035704 10.899962
12.281311 14.361099 17.911608 11.156813
9.591307 14.816511  9.204153
8.357094  8.498045  4.5090804 7.2630596
15.722747 41.08415
12.983224 14.979439
13.003549 10.360911
20.517996 10.341205
10.598581 10.27902  17.847734 16.168695
26.708769 23.033096
10.031991  8.726715  9.948491
18.439898 23.964066
31.986774 47.695274
12.263873 22.72571   7.174056
3.5673053 10.834979   2.5262797  3.4059548
29.908094 16.436083 23.946264
8.340328  8.890958 10.941845 16.724197
11.592692  9.109119 16.695953 15.993336
19.096754 24.657763
29.502098 26.333542
30.70177  29.963219 24.395327
17.081316 17.453432 15.345356 18.66291
15.801437 11.731339
32.58135 35.42535
23.876331 19.903578
18.365152 14.641093
7.8713574 -1.4757776 -0.6348958
50.610092 41.869373
17.855284 17.672377
7.285792 11.104577  8.581389
16.621273 14.80512
18.011068 23.776257
20.430302 34.327267
9.848463 23.977377  8.335399
14.799661    0.06855082
14.618115 12.677631 17.535713
9.17199   2.3673842 4.3741307
4.334858  2.1507978 0.6195605
15.840068 14.65731  16.228973 28.78313
8.956296 9.490682 8.750274
22.020182 32.490314
7.6248593 10.227868  10.297093   5.957395
7.7306376 10.1855755  6.52944   12.654566
0.5640161 7.8831644 8.842631  7.4373517
14.4629135  7.8612695 13.588731  17.145613
8.341275 15.970608  8.889825 10.207223
21.633444 16.160112
7.019934   7.5186706 12.407525  13.755058
7.3942823 4.427706  7.312082
20.432514 22.598194 33.76605
24.065573 21.95711
14.739573 21.34481  18.386684 16.275612
13.755504 21.609913
33.93628  29.782223
4.6180024 -0.2459183  3.8826268
8.696349 11.319637  9.533087
8.749169   4.8084164  9.027973  17.080988
16.244638 18.844955
28.405699 22.831972
25.173542 12.386219
21.876022 21.905762 27.67929
6.65144   9.792883 11.751735 12.340803
15.473077 21.49628  18.273144
8.101562  12.06312    5.6352143  8.240675
18.371145 13.345306 14.005779
43.188065 33.06917
8.358045  7.8385596 5.3254323
36.646202 27.234905
15.093135 15.441477
15.535619 16.768064
3.2052605 11.199628  11.152915  15.950227
18.225456 18.161028
17.132307 12.223873 13.635062
18.239878 18.760164
7.6976357 7.1221433 6.919079
30.862709 52.94183
7.9786763 16.282236  11.961928   7.5292044
13.914661 18.74325  23.94094
24.974014 29.949322
0.83140785 4.3188486  2.7568889  7.727115
31.182917 46.961765
13.783749 15.19995  27.258095
13.5206   11.517123 10.654962
11.633677 18.544853 12.723254 11.09384
10.578823 11.892026
15.533961 25.16537
5.917068  4.472643  1.4045457
14.18013  12.483142 16.49917
18.362196 11.071486 15.919656
14.490642 18.172539 28.867601
13.03002  11.530499
-0.9256431  0.333248   4.514031   1.5322593
26.04008  27.700592
10.261799 14.048128 15.022329 12.529755
33.442284 28.771801
16.569216 18.985159 19.903034 25.619509
18.561008 20.32086  29.221947
15.572361 13.119811 16.421936
12.826415  11.752609   6.5343833
6.371809 11.883314 12.216762  9.705464
14.37832    9.671552   9.841845   7.2051325
6.1840906 15.488375   9.1535225  6.03055
7.3759174 5.533472  5.8211465 3.8472931
3.5628953  7.385047   7.770557  10.354205
16.677658   7.3909287  3.3540745  6.3238287
15.551617 11.5023   14.04012
15.9008   24.738892 27.180199 15.844245
3.4377353  7.709007   5.530801  11.369196
3.0675595  4.8060226 11.470256   9.51693
13.127856   7.3151875 14.896826
26.82379  34.010128
14.493493 14.267643 15.642459 10.890925
4.7968645 14.328249   6.6915307
8.548534  16.717762   6.454008   5.0945125
13.713142 19.090319 16.811432
9.158439 10.51855  14.219024 13.569792
8.653634 13.085374  9.356454 10.78895
21.576023 31.272947
2.4376838 -1.2845844  1.614304
7.311371 14.727673 10.541562 10.052821
10.116418 11.708095
32.01864 28.2091
28.427336 19.556324
19.418085 23.107569 16.462425 16.664972
22.5638  33.71877 24.85704
5.8809986  7.727517   9.950797  10.803336
14.727173 17.462175 12.48791
12.667521  9.266569  9.906876 11.843649
24.253325 17.662014 21.223656 16.774166
14.687721 18.934973 21.034054
27.43054  19.389425
29.056925 23.958027 34.857994
26.401896 16.490255 14.117628
18.647675 18.361128 17.235527
7.8137484 13.444353
13.393814 12.477526 14.942879
16.698212 17.576616 21.072086
4.353173  7.559583  5.2718854 7.2110915
7.4015265 4.5859685 4.3036127 2.7431204
27.29163  18.316074 21.890142
18.125748 12.037953 18.34162  12.266353
30.304945 30.069342
10.669714 16.726715
10.703139 19.217138 11.696155 16.075787
25.864056 33.794357 22.797258
11.423767 10.879036  8.244447
21.692873 30.12584
29.94382  27.020613
7.215929  7.3600903 7.046443  9.562342
20.430521 33.1911
16.561504 14.841924 21.019955 13.911715
7.339717  13.160746   9.465902   6.0866933
7.105938 11.899574  4.037529
12.970499  4.509869  6.067025  9.639655
34.471672 24.604538
16.216717 21.249592 12.464386 11.413186
25.234674 21.522774
10.603531  9.127105
17.84885   21.3101    13.5471115 11.240704
22.177876 26.41431  11.442288
26.54399  19.014807
8.121855  6.761008 17.389172
11.745801 21.782259 24.682156
35.42074  58.721638
11.690431 21.517134
8.486893  5.4171724 6.1739244 4.404747
17.387835 17.380735 17.733767
28.233856 25.507069 24.766823
16.031582  7.651878  9.982349  9.217361
10.24383    8.5923395 11.972739
5.8762245 7.688525  7.741258  8.911067
6.9093885 8.730677  8.80364
17.372234 35.183212
25.412891 23.128466
5.699114  4.2758594 4.3594866
7.2676578 20.493036  13.001673  11.106488
11.563225 12.62061   9.76862   8.520517
7.0942783  9.47642    9.738011  10.164799
37.06293  35.184696
8.37182   6.54338   8.482221 14.30434
28.189472 12.974603
26.300697 28.808086 36.794422
42.840103 34.751347 21.118868
23.305847 30.961655
10.570462 23.358292 15.493167
41.313446 33.434467
10.268731 17.53957  16.413345
24.344418 18.385208
10.976491 27.041555 16.416431 12.295518
10.540544 14.876067 17.669065 10.230926
37.62821  18.401913 23.717247
20.47612  13.026382 16.128826
27.818798 25.536388 22.19779
27.278833 25.838823
6.7215667 6.746798  4.6717463 2.4298122
19.892872 23.006178
28.134241  18.537663  11.864486  11.8001995
15.018839 10.478357 23.058191
14.539197  8.915184 13.289904
10.17771    6.3675084  1.2150488
5.8425703 11.243697   3.325375
23.424948 26.867136 29.987932
30.379572 30.4972
16.568989 17.309116 31.04314  16.557518
47.755566 31.946304
21.838638 24.87851
27.037138 21.974869 14.415534 14.234966
8.821658 10.157777 12.514013 20.883705
39.232662 33.263927 20.891699
8.527561 11.417198 11.694321
17.387941 11.549863 12.86225
17.448977 18.710054
34.18285 29.29352
21.639912  8.356109 16.68017
32.20661  23.005209 18.004728
31.193066 41.84606
19.578789 41.442875 26.384987
23.728786 21.139929
10.204774  8.528029  7.353454  8.434974
9.223661  9.833596 14.417903
14.684645   9.379106   7.7555757
19.656183 21.074766 21.532501 24.79229
10.68244   9.681952 14.711023 11.443515
37.544884 28.860363
13.39162  12.326639 11.783091
23.75948  24.441717
23.014587 10.691294 16.639713
9.305059  9.102987  6.102635 12.825592
14.606567 13.835982 10.957978 11.916779
6.54284  14.204556  7.583407
13.741484 13.019146 12.548374 14.330269
15.770393 16.419138 10.921908
26.90092  15.192101 13.676072 16.584436
26.68866  13.982442
26.7794  39.98185
11.745236 15.590436 18.503857
10.799398 15.766444 18.00325  10.791471
5.675119  3.180326  4.5699487 3.2926393
20.678713 25.55675
17.46082  14.105106 20.741692 15.877184
13.273637 21.445015 21.578125
36.223003 26.361025
18.638163 31.824219
6.533111  11.035002  16.665424   6.6346903
41.455982 33.466152
11.59613  12.899328  9.469516 12.479885
22.793543 21.789473 15.128515
10.412897 20.673372 10.970123 18.608952
8.634077  8.553061 10.982052
9.951682 10.324766
13.24878    7.9822083  8.212315   9.758313
13.076853  16.407663  -1.1389824
15.405233 13.761037 12.546565
23.032774 28.773079
22.764063 23.67652
11.225532 30.231955
34.414555 25.918592
11.036887 12.743054 17.499914 14.218906
27.911568 17.482903
8.03089  9.268887
11.739628 16.019014 17.868176
12.768287 14.219235 13.090472
50.252445 44.96248
14.408854 20.461397 26.241413
14.704507 17.978367 15.04084
16.353767 15.154892
4.0684495 7.239289  6.8099813 3.0883102
5.6039157 16.82773    8.284919  17.285017
5.743349  4.791718  5.8265014 4.4838805
19.51704  21.179329 26.326736
23.95714  25.752497
28.830887 25.191593
31.68436  20.066029 25.284752
33.599575 27.414705
24.19881 34.28627
11.699399  9.612964 13.468934
16.09133   15.317645  15.954516  14.0442295
12.982803  8.637745  8.439025
28.06001  13.531746 20.724642
15.80741    7.9713387  8.511128  14.142415
5.7588854 13.026301   6.2370615  9.197916
7.618719  9.359029 11.444257
17.936241 24.584784 22.84776  18.319233
26.10841  19.33411  15.970601
10.446109   6.6127334
10.353405   6.103299   7.2860956  7.7533817
18.395601 16.081234
33.361217 24.447544
10.954053 13.260194 22.592264
10.52419  14.081899 24.78843
7.385229  3.3506393 8.643287  4.3172507
7.166451  2.225694  4.1483164 4.327032
7.284619 5.476772
14.743427 11.757562 16.415276 13.394214
48.695843 25.078333
6.4361124  7.5993433 15.426015   7.895565
11.422068 11.675417 14.01419  11.645262
4.952139 15.137768 11.752967
35.585    35.646103
13.715921 13.676526  9.970798 13.762158
16.89427  32.500748 16.9469
11.439096 15.476859
20.509636 21.133682
17.904278 25.665373 20.835957
9.461425 13.573038  8.47598
12.065828  17.75774   13.0872555 13.853562
2.8876512 8.299584  4.8887177 9.67698
12.707275 23.37208
10.929898   8.213594   7.3119855
24.985598 17.461319
13.068999 14.640619  9.032469
16.14694    9.705484   3.2605836
13.831312 19.800568 19.534319 10.15234
18.407059 18.384844 18.605871
22.50463  21.367659 22.650833
18.787535 21.903818 21.652788 23.304764
6.3843637 3.348739  8.61698   6.462129
6.527575  16.143257   7.3809743  5.9844713
17.49436  12.226159 10.840457
9.773213 11.112792  8.237028
31.548016 43.115646
8.612918 15.258031 13.489997 11.0548
35.682705 23.744957 22.443163
19.273708 21.652195 14.083034
8.818563 12.68323
10.505442   4.5782914  5.677448   6.103142
17.630638 11.543812 12.674946
14.554557 14.094144
10.590655 37.214745
46.345734 21.60344  25.111984
9.226154  4.4272428 5.7209926 6.56154
11.422346 18.049805
22.318892 23.167624 28.955933 18.411303
10.921023 11.048145 14.039067 12.057016
25.445362 38.936893
12.314998 22.950315 19.857193 12.501412
11.272812 24.997948 11.880859
13.547526  15.048823  10.9744425
18.999308 12.716615 13.95388
9.161569  8.644432 13.474556 18.084816
13.2017   11.692094 11.500773 13.463498
12.17751  8.88431
18.802227 23.334942
14.442194 11.277696 12.923173 12.261418
13.376745 19.29488  10.438856 13.373993
16.577639 12.782059 13.135385
6.5909066 1.3882773 6.3266916 4.4503913
19.202261 19.541363
11.963874 11.424595 11.315135 11.951402
11.217228   9.4281025 19.29459
16.506521 27.124979 19.414995
5.34699     8.241868   -1.058914    0.14229587
6.525193 9.332643 8.335109 9.150674
27.737082 20.379713 19.199867
8.748455  9.49563  14.728255  9.835772
18.425566 26.129906
9.203507  5.531304 10.609703 12.303706
22.804186 29.466574
14.055505 13.550428 11.736495
43.545067 30.288054
7.640752  5.691197 13.186332  7.578255
8.845271 10.717204 16.310513
15.866915 29.29107
3.7567713  0.38615945 2.4480555
29.832962 10.975064
6.7738047 5.4487066 8.170291  6.935032
29.483904 22.880058 22.56144
19.526655 20.652023 26.778772
8.800653  16.788692   7.9247327 10.599323
20.826868 12.290735
13.683046  7.987618 21.433502  9.869993
13.237027 10.696479 13.182284
13.1504135 17.773563  13.061192
8.23121   13.4532385 18.545258
37.54363  18.837786
6.776976  8.120892  9.5345335 9.168696
30.353104 45.509014
16.682467 13.097412 26.159376
15.514547 15.253975
56.10622  34.069122
2.3917556 15.508981   4.429956   7.881997
10.369404 10.214028 15.601181
6.397965 5.869236 9.660668 8.73751
21.129423 23.755495 28.0633   17.977644
8.832269 13.109679  8.136712  9.964571
15.553082 15.949256
10.629983   8.3493185 10.238111   7.2805743
13.546977  13.213453   3.5480237  4.2373896
0.97841525 9.927701   3.764652
3.8028693 3.2078052 4.9732356
7.3993406  8.785322   7.5119514 15.975575
28.687891  15.890571   6.2554126
16.928423 19.808735 28.823633
12.837403 20.4967
8.554378 13.85257   8.478153 11.812332
19.633072 21.178492 24.629055 23.762806
16.244383 14.599582
16.70853    3.3661776 10.071384   3.8576999
7.098212 17.842987 10.922207  9.655733
17.489399   8.6831875 10.069538
36.352127 18.96717
4.57109   3.2900321 9.082516  3.7277386
33.687756 32.53309
14.811881 18.176884
38.514423 36.67026
15.319374  4.659828  7.780248 13.769225
26.919952 21.020094
14.909289 13.823364 17.885986
23.816769 19.385807
16.90355  19.477121
7.1917014  4.32393   13.349592
10.733976 15.252096 24.95688  17.307583
20.58353  35.255886
13.349138 15.342591 24.375755 12.124117
22.998013 16.3697   12.951378
13.133036  9.854102 11.686881
17.712189 15.786413
18.911747 19.638863 13.554523 17.214241
5.0110717 4.929602  4.807247
11.95744  12.279028 12.156426
9.531406  11.954285   9.299397   7.6821527
16.202372  14.3127365
9.407984 11.998736
8.364934 11.464015 11.203809
12.285037  7.925162  5.15315  11.456504
23.200804 27.792347 31.519333
16.493765 25.837486 21.373478
27.923986 15.220983
42.471325 40.77759
12.895398 27.319414
40.511078 40.443005
10.883166  9.915441
6.693988 7.385411 7.389489
17.224724 13.726567 14.033534
7.702193   7.7909784 12.793129   9.654341
6.469692  8.47026   7.2426333
22.160215 20.728653 31.500984
18.813744 18.448963 19.215786 20.027277
15.145724 15.953292
13.133345 23.120829 22.376179 16.398434
35.95289  30.816257
11.73481  18.413883
17.236929 34.4786
9.524712  7.4210453 8.53825
23.753218 18.988667
21.625448 12.554734
20.581469  7.493695
14.334719 12.741505 15.25757  19.234182
15.888734 26.679401 18.672163
8.943932 18.521828
21.299463 27.898197
20.968754 13.472403 23.543303
23.040926 14.901859 16.400997 21.606314
13.828323 15.060914 16.306425
4.8149376  5.16088   10.375473   7.8579197
8.043364 12.710041 11.408557
24.866693 26.544334
10.122245  9.721413  5.415756  4.651795
19.727802  8.235299
12.560449 12.44162  13.055062
11.573849 15.016236
10.651104   9.3673115  9.587903
18.71682  27.775028 16.103027
8.5955305 8.433657  5.0226746
20.070766 12.562064 14.078337 12.479508
27.47688  14.303159
17.34911  22.025024 20.36019
25.91225  21.895935 17.328318
31.705065 14.666766 17.554516
20.415981 22.109734
16.79593  20.995724 18.169533 16.51593
24.286066 23.72135  28.800697
8.06948  11.572596 11.615083 14.26942
22.832727 29.539417 19.79381
0.40297052 6.809101   3.7900143  3.4745421
14.82265  12.232901  9.999087 19.719404
22.607279 18.270882
4.3123446 9.571646  2.1744626
33.622982 25.50855
15.746609 21.832676 13.897616 11.906276
8.589731   7.2712193 10.943623   8.384654
33.417557 29.755398 22.07369
32.00917 25.93812
22.487728  10.208982  12.5422325
36.73059 40.5687
8.193666 18.229872
14.465331 13.546504
21.536768 17.979092 23.280388
5.992465 4.908627 5.432602
12.454228   9.919589  12.8568325 12.430556
15.707817 21.42852  21.865147 14.38166
11.730028 15.452984 12.308585
11.3671875 12.708889  17.363178  15.742838
9.413167  9.2651    7.2106953
8.302278   5.847325  10.237472   7.1758213
44.16963  21.733208
37.69041  29.724297
16.713245 18.395998 18.29053
17.36832  14.999274 14.365145
22.193441   7.134446   7.5103025 16.39828
38.401203 39.429016
8.751611  11.430195   7.9521546  6.4582486
24.795712 27.724699 35.2543
6.5052958 10.320777   4.289692
44.558872 31.81732
5.743211 15.04039   8.684452  8.500848
13.784863  10.9776125 10.42829
24.810575 28.845196 18.44148  13.669043
17.577736  26.994902  14.299835  13.7600765
25.275656 22.065783 24.695024
14.8358   17.499126 15.080671 25.653019
9.182868 10.220243  7.137929  8.888818
18.949863 13.402335
14.825022 18.771244 16.265053 21.752577
39.19848  31.161709
7.9888663 11.374194  15.117961
45.28728  30.211744
11.302626   3.3281233  8.661448   2.2601917
9.579439 13.651444 22.759378
17.155647 13.49134  15.294553
11.86547  10.40915  13.308542
13.332539 15.343877
11.419703 26.929453 20.096937
15.166886 15.885998 26.801403 25.455414
6.8257914  7.50738   17.142555
20.769497 12.696295 14.336108
6.111002   8.301547   4.5801044 12.20809
8.36341  13.397084 15.274771 11.736987
11.845273 18.306736 13.768095
39.901745 46.53675
25.564083 15.996732 19.032425
33.306652 22.264969
19.064255 14.689785 11.185542
13.235004   6.4037333
9.660497 10.584931  8.837152 13.409268
12.765353 15.962591 14.225968
11.634051  7.679036 11.260468
13.868591 11.998853 17.309456
9.4373455 6.05916   3.8996992 8.384285
2.4897132 5.524839  2.2971666 5.275694
43.024178 31.447062
24.17447  15.387481
4.224595  8.384343  3.7594643
8.5521    7.6831503 7.5364995
17.8886   18.623764 18.938349 19.937534
8.031266  12.166257   6.7149935  6.8283916
12.104734 14.112673 14.550648
10.112596 10.258597 22.17696
16.903048  6.072297  6.839768 12.377525
7.318814  12.4844675 12.3060055  4.2020135
8.441121  10.509219   6.5857353  9.102192
8.947064  3.0639796 5.1762996 7.0359416
21.016085 19.506674 23.124166 20.451103
11.769523 20.106773 26.424316 21.628893
24.86419  24.599525
19.65124  20.65838  22.013285
20.278404 15.515276
21.544043 17.780676
7.7209206 7.819887  9.874634  8.837964
25.111692 26.295515
2.1555858  0.20186552 8.864819   7.9478083
14.271801  14.263258   5.8940654
10.992017 20.723692 13.203259 10.894925
9.210729 11.804061
17.03636   13.7573395
20.815449 14.047082
7.245787   7.495046  11.0113125  4.8932695
9.893606 10.294153 15.025078
22.95489  27.221338
14.437703 12.862748
7.771672  8.738859 10.025453
25.781525 22.789547 22.17548
12.238227  9.830228  8.885722
8.228628  9.296662 15.287539
23.734884 25.175125 38.325157
17.986786 25.31256  15.552163
13.079921 15.346499 23.074793 17.382309
6.8267546 4.176269  3.957022
3.8174028 7.6335974 2.9232333
