1.922137069702148438e+01
9.833773612976074219e+00
2.066921615600585938e+01
9.018016815185546875e+00
1.271506977081298828e+01
2.032350158691406250e+01
3.537937641143798828e+00
5.046209812164306641e+00
6.631468772888183594e+00
8.348582267761230469e+00
8.035977363586425781e+00
1.046111297607421875e+01
9.079008102416992188e+00
1.399966144561767578e+01
1.150865173339843750e+01
1.600348091125488281e+01
2.232819747924804688e+01
6.995053768157958984e+00
2.072315597534179688e+01
1.511973571777343750e+01
1.367490768432617188e+01
1.769769859313964844e+01
1.074912071228027344e+01
1.305538558959960938e+01
1.850971984863281250e+01
1.181653594970703125e+01
1.153644371032714844e+01
6.024488925933837891e+00
1.353961658477783203e+01
1.181262969970703125e+01
1.831943511962890625e+01
1.620573806762695312e+01
5.308756828308105469e+00
1.215556812286376953e+01
1.046672821044921875e+01
1.180155754089355469e+01
1.056176280975341797e+01
1.460679435729980469e+01
8.565078735351562500e+00
8.963669776916503906e+00
2.489385795593261719e+01
2.039615249633789062e+01
5.313545703887939453e+00
1.902055931091308594e+01
1.033906269073486328e+01
1.132440185546875000e+01
1.169584274291992188e+01
2.079462432861328125e+01
8.996012687683105469e+00
9.271150588989257812e+00
2.087636184692382812e+01
4.795762538909912109e+00
2.299521064758300781e+01
1.852973937988281250e+01
1.502539539337158203e+01
1.064704799652099609e+01
2.015468406677246094e+01
2.171261978149414062e+01
1.954553222656250000e+01
4.157466411590576172e+00
5.382663249969482422e+00
2.223415374755859375e+01
8.540432929992675781e+00
1.562798213958740234e+01
1.311445426940917969e+01
1.321510124206542969e+01
1.211085128784179688e+01
1.283115386962890625e+01
1.320194816589355469e+01
1.088861942291259766e+01
1.951696395874023438e+01
1.681051826477050781e+01
1.933619499206542969e+01
7.120270729064941406e+00
2.389094543457031250e+01
2.119974708557128906e+01
2.382587432861328125e+01
1.080534553527832031e+01
1.706894493103027344e+01
1.975095558166503906e+01
7.768831729888916016e+00
3.107606506347656250e+01
1.255393505096435547e+01
1.447424125671386719e+01
2.238492584228515625e+01
1.904460525512695312e+01
2.360237693786621094e+01
1.376155471801757812e+01
1.589961433410644531e+01
2.552691268920898438e+01
2.088619232177734375e+01
1.166516113281250000e+01
2.195728683471679688e+01
1.938371658325195312e+01
1.190650367736816406e+01
2.496502685546875000e+01
1.639605522155761719e+01
1.662750816345214844e+01
2.327162170410156250e+01
1.023013973236083984e+01
2.403166961669921875e+01
1.111871719360351562e+01
9.790535926818847656e+00
2.265348243713378906e+01
2.195993041992187500e+01
8.100706100463867188e+00
8.476767539978027344e+00
2.526308631896972656e+01
4.056253910064697266e+00
2.571208000183105469e+01
8.918467521667480469e+00
6.841980934143066406e+00
1.323371315002441406e+01
2.326124954223632812e+01
1.630060577392578125e+01
1.933524703979492188e+01
4.460007190704345703e+00
1.846300125122070312e+01
7.394303321838378906e+00
2.447767257690429688e+01
1.095824050903320312e+01
2.286090087890625000e+01
1.223684501647949219e+01
2.062211227416992188e+01
1.383053398132324219e+01
1.127393054962158203e+01
2.056259727478027344e+01
1.803242111206054688e+01
1.568952369689941406e+01
1.056925868988037109e+01
7.327254295349121094e+00
1.077839660644531250e+01
8.955123901367187500e+00
9.114647865295410156e+00
9.732449531555175781e+00
1.167960166931152344e+01
1.125492000579833984e+01
1.449778175354003906e+01
1.793585586547851562e+01
1.384468746185302734e+01
1.055436706542968750e+01
8.065997123718261719e+00
2.047387313842773438e+01
2.414430236816406250e+01
8.864600181579589844e+00
9.318036079406738281e+00
1.765867996215820312e+01
2.314368820190429688e+01
2.142124557495117188e+01
1.071217918395996094e+01
2.066576004028320312e+01
1.187772560119628906e+01
1.948764801025390625e+01
1.374484252929687500e+01
2.438908386230468750e+01
1.722005844116210938e+01
9.520098686218261719e+00
1.200916671752929688e+01
2.081721878051757812e+01
1.509945964813232422e+01
1.416798305511474609e+01
1.181035804748535156e+01
1.315933799743652344e+01
2.250133132934570312e+01
1.393811225891113281e+01
2.776103210449218750e+01
1.243755626678466797e+01
1.304610157012939453e+01
1.062030601501464844e+01
1.076109981536865234e+01
1.198710250854492188e+01
2.175667381286621094e+01
2.143059158325195312e+01
1.466025352478027344e+01
9.254297256469726562e+00
2.657786369323730469e+01
1.315517997741699219e+01
7.892232418060302734e+00
8.511796951293945312e+00
2.206485176086425781e+01
1.022005081176757812e+01
1.883376312255859375e+01
2.528715896606445312e+01
2.593282699584960938e+01
2.194218063354492188e+01
1.178960227966308594e+01
1.081774139404296875e+01
1.504503345489501953e+01
2.998344802856445312e+01
2.292758560180664062e+01
1.067274665832519531e+01
1.187171936035156250e+01
1.113788032531738281e+01
1.822741699218750000e+01
2.073912811279296875e+01
6.682471275329589844e+00
1.380790901184082031e+01
9.345544815063476562e+00
1.629399299621582031e+01
1.007722949981689453e+01
1.658428573608398438e+01
2.142930984497070312e+01
9.333255767822265625e+00
1.870420265197753906e+01
9.876096725463867188e+00
1.369673538208007812e+01
1.250029945373535156e+01
1.641537666320800781e+01
9.989822387695312500e+00
3.402162075042724609e+00
8.394525527954101562e+00
2.101450538635253906e+01
2.105687713623046875e+01
5.978014469146728516e+00
1.121526432037353516e+01
1.076984786987304688e+01
1.310165596008300781e+01
9.719980239868164062e+00
1.849055862426757812e+01
1.201010131835937500e+01
1.036799430847167969e+01
1.349274444580078125e+01
1.165894508361816406e+01
8.726593017578125000e+00
2.005643081665039062e+01
8.669062614440917969e+00
2.800269317626953125e+01
1.189300727844238281e+01
7.360111236572265625e+00
1.151185226440429688e+01
1.785046958923339844e+01
8.523710250854492188e+00
2.041440010070800781e+01
1.116578578948974609e+01
1.314440441131591797e+01
2.414352226257324219e+01
2.143635940551757812e+01
9.698488235473632812e+00
6.944215774536132812e+00
9.892286300659179688e+00
7.690183639526367188e+00
8.835291862487792969e+00
1.136051273345947266e+01
9.156982421875000000e+00
2.743653869628906250e+01
5.921532630920410156e+00
2.121344375610351562e+01
4.471090793609619141e+00
8.168851852416992188e+00
1.666052055358886719e+01
8.626263618469238281e+00
2.114539909362792969e+01
8.528043746948242188e+00
2.710950469970703125e+01
5.645104885101318359e+00
1.388940048217773438e+01
2.551698684692382812e+01
8.017476081848144531e+00
1.215703392028808594e+01
1.655904197692871094e+01
1.137946605682373047e+01
1.739114379882812500e+01
1.457423400878906250e+01
2.126244354248046875e+01
8.685237884521484375e+00
1.940991592407226562e+01
1.999537658691406250e+01
5.698755264282226562e+00
9.194220542907714844e+00
2.314356040954589844e+01
1.000585174560546875e+01
2.287409400939941406e+01
1.765777587890625000e+01
1.073840904235839844e+01
1.287420940399169922e+01
1.454132366180419922e+01
1.115046596527099609e+01
7.879926681518554688e+00
1.140913677215576172e+01
1.291034126281738281e+01
1.645640182495117188e+01
5.299253940582275391e+00
1.493693256378173828e+01
2.286046218872070312e+01
1.366704368591308594e+01
2.084019279479980469e+01
1.661020851135253906e+01
4.983788490295410156e+00
1.963700866699218750e+01
6.811597824096679688e+00
1.924317550659179688e+01
3.821722030639648438e+00
2.158060073852539062e+01
6.457753658294677734e+00
7.436611652374267578e+00
1.078606414794921875e+01
1.840596008300781250e+01
8.097300529479980469e+00
7.968553066253662109e+00
1.581809711456298828e+01
1.008305168151855469e+01
2.224903488159179688e+01
1.487327766418457031e+01
1.615664672851562500e+01
8.845046043395996094e+00
7.014483451843261719e+00
1.952217102050781250e+01
2.360590744018554688e+01
2.593459320068359375e+01
2.011437797546386719e+01
1.724169540405273438e+01
1.452104949951171875e+01
1.932241439819335938e+01
2.296111106872558594e+01
1.421106433868408203e+01
1.309690856933593750e+01
4.529101848602294922e+00
2.269326400756835938e+01
1.074693107604980469e+01
1.400387382507324219e+01
2.526808166503906250e+01
1.161725139617919922e+01
8.148253440856933594e+00
2.477347564697265625e+01
6.850334167480468750e+00
1.316019821166992188e+01
1.101927661895751953e+01
9.873944282531738281e+00
1.264649581909179688e+01
4.672528266906738281e+00
2.588600158691406250e+01
1.913764190673828125e+01
9.636139869689941406e+00
1.193200111389160156e+01
1.047810554504394531e+01
2.067690849304199219e+01
1.891019439697265625e+01
1.067133426666259766e+01
1.132264328002929688e+01
7.815994262695312500e+00
1.020955467224121094e+01
1.019157123565673828e+01
2.248614883422851562e+01
2.239204788208007812e+01
1.004020500183105469e+01
7.206035137176513672e+00
8.466351509094238281e+00
1.140996074676513672e+01
1.886856651306152344e+01
8.666153907775878906e+00
1.599986267089843750e+01
1.968072891235351562e+01
5.512900352478027344e+00
2.146591949462890625e+01
7.546144485473632812e+00
8.319942474365234375e+00
8.973729133605957031e+00
1.254422569274902344e+01
2.407356452941894531e+01
1.713009452819824219e+01
2.260342025756835938e+01
1.321541786193847656e+01
1.367399978637695312e+01
1.006357955932617188e+01
1.099918460845947266e+01
1.724633026123046875e+01
1.118524742126464844e+01
2.266568756103515625e+01
2.159978103637695312e+01
2.111367416381835938e+01
1.125378990173339844e+01
2.327303123474121094e+01
8.037325859069824219e+00
1.049766254425048828e+01
2.009852981567382812e+01
1.634274673461914062e+01
5.295774459838867188e+00
1.532968330383300781e+01
9.188875198364257812e+00
7.568143844604492188e+00
7.372700691223144531e+00
7.599164962768554688e+00
1.650358200073242188e+01
1.781576919555664062e+01
7.069253921508789062e+00
2.375757980346679688e+01
7.722187995910644531e+00
2.865462303161621094e+01
1.250915336608886719e+01
1.926844596862792969e+01
2.035412597656250000e+01
9.512452125549316406e+00
1.364140129089355469e+01
1.331198692321777344e+01
1.234702873229980469e+01
2.041244697570800781e+01
1.018040752410888672e+01
1.183343791961669922e+01
9.079285621643066406e+00
2.723588562011718750e+01
2.284189224243164062e+01
1.675422477722167969e+01
7.725444793701171875e+00
1.052687835693359375e+01
2.196649360656738281e+01
2.507759666442871094e+01
2.033086776733398438e+01
2.295643043518066406e+01
1.036297798156738281e+01
2.626288223266601562e+01
1.723451042175292969e+01
5.710071563720703125e+00
1.356261825561523438e+01
1.881906509399414062e+01
2.402822494506835938e+01
1.275957775115966797e+01
2.294945907592773438e+01
3.808766841888427734e+00
2.316590499877929688e+01
2.393103599548339844e+01
9.541117668151855469e+00
8.688790321350097656e+00
1.434569454193115234e+01
6.441635131835937500e+00
1.284915351867675781e+01
1.110339832305908203e+01
6.404123306274414062e+00
1.552698326110839844e+01
8.765977859497070312e+00
1.664812088012695312e+01
1.163458633422851562e+01
1.059643363952636719e+01
2.423277473449707031e+01
1.859346199035644531e+01
7.664702415466308594e+00
2.410335159301757812e+01
1.975883865356445312e+01
2.133260536193847656e+01
2.002199172973632812e+01
1.193754959106445312e+01
2.084868049621582031e+01
2.186202812194824219e+01
9.073674201965332031e+00
1.421236801147460938e+01
1.973961639404296875e+01
8.013844490051269531e+00
9.777536392211914062e+00
2.731715202331542969e+01
1.550588989257812500e+01
3.977471828460693359e+00
7.226455688476562500e+00
1.209252548217773438e+01
1.957616233825683594e+01
1.094378280639648438e+01
8.617546081542968750e+00
1.118393611907958984e+01
3.121697425842285156e+00
4.930276393890380859e+00
1.993181228637695312e+01
8.160105705261230469e+00
1.122822570800781250e+01
1.357130432128906250e+01
9.770661354064941406e+00
8.569090843200683594e+00
1.131893920898437500e+01
2.281523323059082031e+01
1.048478984832763672e+01
5.849988937377929688e+00
4.699263572692871094e+00
2.942433357238769531e+01
7.364933967590332031e+00
2.246273803710937500e+01
8.489032745361328125e+00
2.276702880859375000e+01
8.702382087707519531e+00
9.381567001342773438e+00
1.214941596984863281e+01
1.166666221618652344e+01
1.333758449554443359e+01
1.386973953247070312e+01
1.996707153320312500e+01
1.474179458618164062e+01
1.832590866088867188e+01
1.326641178131103516e+01
1.679039001464843750e+01
1.865442466735839844e+01
6.484677314758300781e+00
1.538698005676269531e+01
4.846140384674072266e+00
1.074988460540771484e+01
1.336821460723876953e+01
7.050645828247070312e+00
9.893081665039062500e+00
8.244156837463378906e+00
1.235523796081542969e+01
2.402567481994628906e+01
8.496212005615234375e+00
2.018576431274414062e+01
2.154310035705566406e+01
4.311912536621093750e+00
2.678555679321289062e+01
1.150308132171630859e+01
7.219875812530517578e+00
9.953900337219238281e+00
3.517753601074218750e+00
1.046512413024902344e+01
7.035047531127929688e+00
2.160768699645996094e+01
2.052175140380859375e+01
1.577019977569580078e+01
6.424729824066162109e+00
2.420970535278320312e+01
2.246539878845214844e+01
1.052173614501953125e+01
2.202962875366210938e+01
2.366167068481445312e+01
1.591731071472167969e+01
9.008899688720703125e+00
1.498976325988769531e+01
6.396221160888671875e+00
9.404926300048828125e+00
9.423810005187988281e+00
5.757016181945800781e+00
9.609681129455566406e+00
1.007292461395263672e+01
1.385095882415771484e+01
2.624258804321289062e+01
1.113093376159667969e+01
9.127132415771484375e+00
1.378162670135498047e+01
2.268008804321289062e+01
1.347337627410888672e+01
5.791769504547119141e+00
1.054343223571777344e+01
1.977044677734375000e+01
1.837746810913085938e+01
1.292786788940429688e+01
2.134135818481445312e+01
1.063348007202148438e+01
1.398676681518554688e+01
5.651381492614746094e+00
2.218191528320312500e+01
1.301536369323730469e+01
2.329967880249023438e+01
2.667228889465332031e+01
4.926039695739746094e+00
1.650437736511230469e+01
2.196094703674316406e+01
1.684053993225097656e+01
2.190106391906738281e+01
1.058216857910156250e+01
2.049659156799316406e+01
1.102213191986083984e+01
1.586557579040527344e+01
1.031469249725341797e+01
1.880852127075195312e+01
1.670817184448242188e+01
1.105203247070312500e+01
6.279644966125488281e+00
2.267665672302246094e+01
1.001776123046875000e+01
1.427767562866210938e+01
2.712482833862304688e+01
8.054615974426269531e+00
2.181100845336914062e+01
1.201026344299316406e+01
2.014610671997070312e+01
1.751657104492187500e+01
2.026626968383789062e+01
1.355123710632324219e+01
1.200190925598144531e+01
9.653383255004882812e+00
7.840234279632568359e+00
5.606364250183105469e+00
1.939331436157226562e+01
1.787831115722656250e+01
1.024154186248779297e+01
8.960996627807617188e+00
1.222892761230468750e+01
1.740219497680664062e+01
1.207544898986816406e+01
8.932557106018066406e+00
1.169176483154296875e+01
2.860392951965332031e+01
1.028215026855468750e+01
5.271004199981689453e+00
1.033734321594238281e+01
2.279179763793945312e+01
1.017239475250244141e+01
1.237394142150878906e+01
1.032666492462158203e+01
1.311526679992675781e+01
1.048079013824462891e+01
8.373388290405273438e+00
3.874591350555419922e+00
1.098660278320312500e+01
1.286398506164550781e+01
1.036637306213378906e+01
2.216898536682128906e+01
8.092120170593261719e+00
1.432461357116699219e+01
2.867363357543945312e+01
2.769729804992675781e+01
1.780474472045898438e+01
2.329440307617187500e+01
1.646799850463867188e+01
1.950545310974121094e+01
1.723178482055664062e+01
2.202540779113769531e+01
2.097584533691406250e+01
1.735635375976562500e+01
2.238009452819824219e+01
2.549559402465820312e+01
8.868908882141113281e+00
7.172275543212890625e+00
1.903783798217773438e+01
1.176745796203613281e+01
2.363977813720703125e+01
6.369929313659667969e+00
1.137891197204589844e+01
7.086578845977783203e+00
2.192383193969726562e+01
1.828795433044433594e+01
1.348425292968750000e+01
2.651611900329589844e+01
2.162436294555664062e+01
2.353096580505371094e+01
2.136109352111816406e+01
3.617913436889648438e+01
1.227641487121582031e+01
2.048456764221191406e+01
1.895526504516601562e+01
2.184852981567382812e+01
1.310908985137939453e+01
2.707802581787109375e+01
1.984591865539550781e+01
2.101602172851562500e+01
8.524401664733886719e+00
6.906390190124511719e+00
1.508047485351562500e+01
8.902200698852539062e+00
2.553299140930175781e+01
9.319178581237792969e+00
2.376202774047851562e+01
1.563504981994628906e+01
7.075671672821044922e+00
7.254534244537353516e+00
1.222587776184082031e+01
1.732206726074218750e+01
1.143299388885498047e+01
1.613504791259765625e+01
1.356958007812500000e+01
1.774756240844726562e+01
1.885636901855468750e+01
1.402748107910156250e+01
9.037061691284179688e+00
2.187433242797851562e+01
6.294952869415283203e+00
1.392771720886230469e+01
2.130591201782226562e+01
1.467679023742675781e+01
1.887507247924804688e+01
1.280854797363281250e+01
7.366907119750976562e+00
1.850460624694824219e+01
8.849168777465820312e+00
9.508602142333984375e+00
2.127342605590820312e+01
1.376420879364013672e+01
1.205268764495849609e+01
8.410573959350585938e+00
7.757253170013427734e+00
1.525213432312011719e+01
9.522561073303222656e+00
1.054418373107910156e+01
8.297585487365722656e+00
1.171701145172119141e+01
1.201044464111328125e+01
1.891499710083007812e+01
1.118889999389648438e+01
1.326045799255371094e+01
1.052125358581542969e+01
2.257224655151367188e+01
1.048465347290039062e+01
2.198734664916992188e+01
1.002908325195312500e+01
7.911284923553466797e+00
1.773094558715820312e+01
1.027287483215332031e+01
1.690050697326660156e+01
1.908424758911132812e+01
1.646026992797851562e+01
3.350417709350585938e+01
1.406349182128906250e+01
1.991750144958496094e+01
1.639949226379394531e+01
1.256104660034179688e+01
1.886404037475585938e+01
1.172509956359863281e+01
1.075737285614013672e+01
1.207615184783935547e+01
1.472579956054687500e+01
2.314847183227539062e+01
2.396830558776855469e+01
7.965281009674072266e+00
1.107395076751708984e+01
1.704618263244628906e+01
2.501887130737304688e+01
9.909707069396972656e+00
7.132532119750976562e+00
1.038722610473632812e+01
5.900249958038330078e+00
1.192792224884033203e+01
1.930764389038085938e+01
2.472852325439453125e+01
2.151869964599609375e+01
2.307938575744628906e+01
1.468171501159667969e+01
2.119176483154296875e+01
1.130980968475341797e+01
1.621282958984375000e+01
1.202553176879882812e+01
6.891871452331542969e+00
2.339251136779785156e+01
9.369188308715820312e+00
1.142103576660156250e+01
1.589691352844238281e+01
1.609343338012695312e+01
1.255571269989013672e+01
8.984191894531250000e+00
9.969739913940429688e+00
2.409228897094726562e+01
2.429625320434570312e+01
2.268903160095214844e+01
2.171506500244140625e+01
2.320831871032714844e+01
8.232520103454589844e+00
8.908901214599609375e+00
2.186827468872070312e+01
5.552975654602050781e+00
2.149508094787597656e+01
1.174220848083496094e+01
2.382555389404296875e+01
2.359135437011718750e+01
5.409799575805664062e+00
1.867110824584960938e+01
1.411277008056640625e+01
9.081444740295410156e+00
1.044873619079589844e+01
2.697983169555664062e+01
3.414867401123046875e+00
7.030687332153320312e+00
2.101613616943359375e+01
6.539394855499267578e+00
2.315396690368652344e+01
2.452153778076171875e+01
1.211694908142089844e+01
7.470583438873291016e+00
1.765788269042968750e+01
1.425981712341308594e+01
1.074869346618652344e+01
8.756031036376953125e+00
1.430428981781005859e+01
1.299089336395263672e+01
1.447904968261718750e+01
1.959514427185058594e+01
8.411247253417968750e+00
1.195490837097167969e+01
1.816343116760253906e+01
1.830470466613769531e+01
1.339422988891601562e+01
4.904089450836181641e+00
1.120288276672363281e+01
1.602035903930664062e+01
1.289779663085937500e+01
2.057052612304687500e+01
7.915125846862792969e+00
2.264926528930664062e+01
1.219323921203613281e+01
2.429814910888671875e+01
6.552078247070312500e+00
8.506407737731933594e+00
2.027578163146972656e+01
4.790786266326904297e+00
8.462288856506347656e+00
9.485521316528320312e+00
2.136490631103515625e+01
1.761336517333984375e+01
8.971362113952636719e+00
9.560781478881835938e+00
1.549707794189453125e+01
1.207261562347412109e+01
2.177192687988281250e+01
5.200233459472656250e+00
1.487319850921630859e+01
1.319687652587890625e+01
1.875780868530273438e+01
2.457766342163085938e+01
1.433614158630371094e+01
2.672845458984375000e+01
8.791822433471679688e+00
1.029082393646240234e+01
1.095581245422363281e+01
3.304115676879882812e+01
7.517137527465820312e+00
7.772761344909667969e+00
1.308192443847656250e+01
1.093176460266113281e+01
1.361081886291503906e+01
3.935648918151855469e+00
1.237084388732910156e+01
1.079698753356933594e+01
2.261669731140136719e+01
8.932100296020507812e+00
1.142761802673339844e+01
2.286571693420410156e+01
1.014903640747070312e+01
1.138423347473144531e+01
1.075521278381347656e+01
9.121251106262207031e+00
7.711451530456542969e+00
7.049562454223632812e+00
1.122350788116455078e+01
1.152936363220214844e+01
2.721017456054687500e+01
7.736201763153076172e+00
1.034664916992187500e+01
1.252099895477294922e+01
1.002364158630371094e+01
1.212426185607910156e+01
9.712262153625488281e+00
1.998417854309082031e+01
1.677128028869628906e+01
2.503310394287109375e+01
1.157728576660156250e+01
1.037924957275390625e+01
1.084188079833984375e+01
1.783625602722167969e+01
7.113893508911132812e+00
8.779734611511230469e+00
7.996135711669921875e+00
1.156834602355957031e+01
3.100035905838012695e+00
8.562397956848144531e+00
1.520776367187500000e+01
2.514857673645019531e+01
2.349487686157226562e+01
6.772857666015625000e+00
2.414985275268554688e+01
1.118564033508300781e+01
2.392315673828125000e+01
1.022535991668701172e+01
6.775752067565917969e+00
2.272063827514648438e+01
7.563464641571044922e+00
6.995076179504394531e+00
1.544913768768310547e+01
1.811542701721191406e+01
7.007827758789062500e+00
1.458091163635253906e+01
1.930614471435546875e+01
1.230048179626464844e+01
2.294569396972656250e+01
1.019052791595458984e+01
1.412510395050048828e+01
5.856287002563476562e+00
1.575913429260253906e+01
1.707594299316406250e+01
2.107304573059082031e+01
8.388236999511718750e+00
1.600726318359375000e+01
1.467623043060302734e+01
1.960165405273437500e+01
7.752985954284667969e+00
1.022359275817871094e+01
1.621287345886230469e+01
1.483134174346923828e+01
8.523356437683105469e+00
1.138331794738769531e+01
6.974973678588867188e+00
1.260811042785644531e+01
1.244386482238769531e+01
1.703002929687500000e+01
8.930473327636718750e+00
1.953610420227050781e+01
1.052570629119873047e+01
9.082193374633789062e+00
2.257795143127441406e+01
1.403607940673828125e+01
9.698650360107421875e+00
2.268299674987792969e+01
2.324170303344726562e+01
1.712773704528808594e+01
1.062630081176757812e+01
1.129522418975830078e+01
9.413190841674804688e+00
2.138051223754882812e+01
1.187215900421142578e+01
1.864222717285156250e+01
1.119455528259277344e+01
9.237311363220214844e+00
2.101919174194335938e+01
2.307179260253906250e+01
1.071966171264648438e+01
1.474361991882324219e+01
1.426659774780273438e+01
8.619267463684082031e+00
2.240815925598144531e+01
7.375816345214843750e+00
9.577651977539062500e+00
1.658448982238769531e+01
1.358098220825195312e+01
1.041910552978515625e+01
8.408862113952636719e+00
9.971532821655273438e+00
1.188682937622070312e+01
2.319759559631347656e+01
1.154044532775878906e+01
1.556607151031494141e+01
1.434926509857177734e+01
2.191812133789062500e+01
1.013834762573242188e+01
2.696812438964843750e+01
6.103604793548583984e+00
2.539470100402832031e+01
1.023777770996093750e+01
1.278675842285156250e+01
1.456813907623291016e+01
2.511784744262695312e+01
2.163449478149414062e+01
2.448571014404296875e+01
1.051411437988281250e+01
1.895340538024902344e+01
2.447909355163574219e+01
1.698098945617675781e+01
8.226615905761718750e+00
1.751141738891601562e+01
1.276073646545410156e+01
2.252562713623046875e+01
1.344180679321289062e+01
9.254404067993164062e+00
1.706410789489746094e+01
1.581273269653320312e+01
1.289679908752441406e+01
1.377162361145019531e+01
1.422330665588378906e+01
1.760099601745605469e+01
6.926264762878417969e+00
1.099498367309570312e+01
1.862715148925781250e+01
1.332856559753417969e+01
1.266649055480957031e+01
1.892191314697265625e+01
6.203587055206298828e+00
1.061537742614746094e+01
1.063555335998535156e+01
1.366917133331298828e+01
1.235990333557128906e+01
9.601414680480957031e+00
4.805988311767578125e+00
3.025925064086914062e+01
1.296944808959960938e+01
8.568740844726562500e+00
3.983888149261474609e+00
2.285686683654785156e+01
1.395734024047851562e+01
1.799085807800292969e+01
7.608075141906738281e+00
1.106236267089843750e+01
1.415037345886230469e+01
1.192186355590820312e+01
1.309992313385009766e+01
2.273558616638183594e+01
1.401850795745849609e+01
1.133693313598632812e+01
2.330064582824707031e+01
1.198627281188964844e+01
1.929415321350097656e+01
1.863624763488769531e+01
2.224768638610839844e+01
8.004203796386718750e+00
1.731882667541503906e+01
7.540387153625488281e+00
8.830070495605468750e+00
1.427286338806152344e+01
1.066647911071777344e+01
7.979290485382080078e+00
1.208251667022705078e+01
9.521528244018554688e+00
8.430597305297851562e+00
7.939885139465332031e+00
2.511093902587890625e+01
1.315324020385742188e+01
1.384189319610595703e+01
2.590301704406738281e+01
1.569529342651367188e+01
1.910193061828613281e+01
1.058623504638671875e+01
8.115683555603027344e+00
