1.584936523437500000e+01
9.392959594726562500e+00
1.639139175415039062e+01
7.767139434814453125e+00
1.296922874450683594e+01
1.521354675292968750e+01
5.034814834594726562e+00
4.268963813781738281e+00
4.844547748565673828e+00
7.759575843811035156e+00
6.315651893615722656e+00
9.891014099121093750e+00
8.070257186889648438e+00
1.197869110107421875e+01
1.072011184692382812e+01
1.233167457580566406e+01
1.802202796936035156e+01
5.680307388305664062e+00
1.669363212585449219e+01
1.103430175781250000e+01
1.292310714721679688e+01
1.242401885986328125e+01
7.741789340972900391e+00
1.105318832397460938e+01
1.340052795410156250e+01
1.155883789062500000e+01
1.145885181427001953e+01
4.100514888763427734e+00
1.283106708526611328e+01
7.983888149261474609e+00
1.378681087493896484e+01
1.175402641296386719e+01
4.076066493988037109e+00
1.214513206481933594e+01
9.729550361633300781e+00
8.912121772766113281e+00
7.917433738708496094e+00
9.618492126464843750e+00
6.444136142730712891e+00
7.332063674926757812e+00
2.081959724426269531e+01
1.693274688720703125e+01
4.372273921966552734e+00
1.421007251739501953e+01
9.793492317199707031e+00
8.302846908569335938e+00
1.072111988067626953e+01
1.521130275726318359e+01
7.192778110504150391e+00
7.360250949859619141e+00
1.687282180786132812e+01
5.747908592224121094e+00
2.488048362731933594e+01
1.397865867614746094e+01
1.358412551879882812e+01
8.269709587097167969e+00
1.428475570678710938e+01
1.718914222717285156e+01
1.504893875122070312e+01
3.775341272354125977e+00
4.302272796630859375e+00
1.724430656433105469e+01
7.512616634368896484e+00
1.166749382019042969e+01
1.155546951293945312e+01
1.279837799072265625e+01
9.432304382324218750e+00
9.203746795654296875e+00
1.140376853942871094e+01
1.015313243865966797e+01
1.695917892456054688e+01
1.370390033721923828e+01
1.486750602722167969e+01
5.796004295349121094e+00
1.945408439636230469e+01
1.993120574951171875e+01
2.382976150512695312e+01
9.549020767211914062e+00
1.362551307678222656e+01
1.474731636047363281e+01
6.521744251251220703e+00
2.917477607727050781e+01
1.277584457397460938e+01
1.049752140045166016e+01
1.984748268127441406e+01
1.444949340820312500e+01
1.926716804504394531e+01
1.214773178100585938e+01
1.228818511962890625e+01
2.277067565917968750e+01
1.398780536651611328e+01
9.776792526245117188e+00
1.960090827941894531e+01
1.434245681762695312e+01
1.148555946350097656e+01
2.250096321105957031e+01
1.182661819458007812e+01
1.374433612823486328e+01
2.050790023803710938e+01
8.765640258789062500e+00
2.029335594177246094e+01
1.022655105590820312e+01
8.778925895690917969e+00
1.761953735351562500e+01
2.206522178649902344e+01
6.266831874847412109e+00
6.561279296875000000e+00
2.367849159240722656e+01
4.881577968597412109e+00
2.384043312072753906e+01
7.022590160369873047e+00
5.673270702362060547e+00
1.243358039855957031e+01
2.498630714416503906e+01
1.140388870239257812e+01
1.636611557006835938e+01
4.510385513305664062e+00
1.429313278198242188e+01
5.879585742950439453e+00
1.977910423278808594e+01
9.709260940551757812e+00
2.070469474792480469e+01
1.097210597991943359e+01
2.255349159240722656e+01
1.246043968200683594e+01
9.662519454956054688e+00
1.650436782836914062e+01
1.453149032592773438e+01
1.236886405944824219e+01
8.786417961120605469e+00
5.341192722320556641e+00
9.697753906250000000e+00
7.354289531707763672e+00
7.928780078887939453e+00
8.610929489135742188e+00
9.225679397583007812e+00
1.090861225128173828e+01
1.141578006744384766e+01
1.373694324493408203e+01
1.032928466796875000e+01
8.753650665283203125e+00
6.675095081329345703e+00
1.643021965026855469e+01
1.949577522277832031e+01
7.659260272979736328e+00
8.192287445068359375e+00
1.311015319824218750e+01
1.883377647399902344e+01
1.661752700805664062e+01
8.587780952453613281e+00
1.625317573547363281e+01
1.200398921966552734e+01
1.439622592926025391e+01
1.174778938293457031e+01
2.160047340393066406e+01
1.154228019714355469e+01
8.409834861755371094e+00
1.203575134277343750e+01
1.691810798645019531e+01
1.329118061065673828e+01
1.050629711151123047e+01
9.127402305603027344e+00
1.140899753570556641e+01
1.774070549011230469e+01
1.053460311889648438e+01
2.406721496582031250e+01
1.255012416839599609e+01
9.616800308227539062e+00
1.038585662841796875e+01
8.878060340881347656e+00
1.162904262542724609e+01
1.762432289123535156e+01
1.897904396057128906e+01
1.236501884460449219e+01
7.712938785552978516e+00
2.828617858886718750e+01
1.246871089935302734e+01
6.355302333831787109e+00
6.901232242584228516e+00
1.845015907287597656e+01
9.911787033081054688e+00
1.427922821044921875e+01
2.509712028503417969e+01
2.404474067687988281e+01
1.686983871459960938e+01
1.095960712432861328e+01
8.971551895141601562e+00
1.349717903137207031e+01
2.843461036682128906e+01
2.411783027648925781e+01
8.638635635375976562e+00
9.578796386718750000e+00
1.000984764099121094e+01
1.418293952941894531e+01
1.603019523620605469e+01
6.381358146667480469e+00
1.092582511901855469e+01
8.161914825439453125e+00
1.142113685607910156e+01
9.505715370178222656e+00
1.232737445831298828e+01
1.658486938476562500e+01
7.848613739013671875e+00
1.653478431701660156e+01
9.104145050048828125e+00
1.160252571105957031e+01
8.994403839111328125e+00
1.198960304260253906e+01
9.257688522338867188e+00
3.376707077026367188e+00
7.069235801696777344e+00
1.487409400939941406e+01
1.632286071777343750e+01
4.838673591613769531e+00
1.119423484802246094e+01
9.355379104614257812e+00
9.365806579589843750e+00
9.045820236206054688e+00
1.327033996582031250e+01
9.422517776489257812e+00
8.977313041687011719e+00
1.030630493164062500e+01
1.030198860168457031e+01
7.422061920166015625e+00
1.618427085876464844e+01
7.622939586639404297e+00
2.193817710876464844e+01
9.150835990905761719e+00
5.342043399810791016e+00
8.529854774475097656e+00
1.473820304870605469e+01
7.435374736785888672e+00
1.580242443084716797e+01
1.061429977416992188e+01
1.103934097290039062e+01
1.953036880493164062e+01
1.619787216186523438e+01
8.967113494873046875e+00
5.721703052520751953e+00
7.820135116577148438e+00
6.652852535247802734e+00
7.174704074859619141e+00
9.272172927856445312e+00
8.437521934509277344e+00
2.102330589294433594e+01
4.757062435150146484e+00
1.681766319274902344e+01
4.007837295532226562e+00
6.849670410156250000e+00
1.130210876464843750e+01
6.687658786773681641e+00
1.716584205627441406e+01
6.764065265655517578e+00
2.940137100219726562e+01
3.422989845275878906e+00
1.224087715148925781e+01
2.087680435180664062e+01
7.513744831085205078e+00
1.164996433258056641e+01
1.537901306152343750e+01
9.128196716308593750e+00
1.236072349548339844e+01
1.070961093902587891e+01
1.615312957763671875e+01
7.152534008026123047e+00
1.306883811950683594e+01
1.606361007690429688e+01
3.761594295501708984e+00
6.921096324920654297e+00
2.042580604553222656e+01
8.228596687316894531e+00
2.000684165954589844e+01
1.404131126403808594e+01
1.050789642333984375e+01
9.805269241333007812e+00
1.310190582275390625e+01
9.154527664184570312e+00
6.854726314544677734e+00
1.144450855255126953e+01
1.165243625640869141e+01
1.353527069091796875e+01
5.547139644622802734e+00
1.392251586914062500e+01
2.476954841613769531e+01
1.177505970001220703e+01
1.745461082458496094e+01
1.286650276184082031e+01
4.534188747406005859e+00
1.601056861877441406e+01
5.405555248260498047e+00
1.587206077575683594e+01
5.121248722076416016e+00
1.770367240905761719e+01
4.685006618499755859e+00
5.347043514251708984e+00
9.409667968750000000e+00
1.337240409851074219e+01
6.681928157806396484e+00
7.069190979003906250e+00
1.421878433227539062e+01
9.084938049316406250e+00
2.548382568359375000e+01
1.086763381958007812e+01
1.298796653747558594e+01
7.684401512145996094e+00
5.022531032562255859e+00
1.488697719573974609e+01
1.912071037292480469e+01
2.196847152709960938e+01
1.504700279235839844e+01
1.422130584716796875e+01
1.107229232788085938e+01
1.547897148132324219e+01
1.881112289428710938e+01
1.246708202362060547e+01
1.119848251342773438e+01
5.936097621917724609e+00
2.135552787780761719e+01
9.266243934631347656e+00
1.103068351745605469e+01
2.056470680236816406e+01
1.054382896423339844e+01
6.810023784637451172e+00
2.856292533874511719e+01
6.343339443206787109e+00
9.654312133789062500e+00
8.999137878417968750e+00
8.318325996398925781e+00
9.435976982116699219e+00
5.160183429718017578e+00
2.142278861999511719e+01
1.540376663208007812e+01
7.485541343688964844e+00
1.108763408660888672e+01
9.292984962463378906e+00
2.085823822021484375e+01
1.327136135101318359e+01
1.001379203796386719e+01
1.007723999023437500e+01
6.210851192474365234e+00
8.255825996398925781e+00
9.684980392456054688e+00
1.796874809265136719e+01
1.669339942932128906e+01
8.276510238647460938e+00
6.215811252593994141e+00
6.631379127502441406e+00
9.979113578796386719e+00
1.585170555114746094e+01
7.459442138671875000e+00
1.418173027038574219e+01
1.492256355285644531e+01
4.801671504974365234e+00
1.776404762268066406e+01
5.730394840240478516e+00
6.766596317291259766e+00
7.407393455505371094e+00
1.012932014465332031e+01
2.037773704528808594e+01
1.132296466827392578e+01
2.204876136779785156e+01
1.282904624938964844e+01
1.096002006530761719e+01
9.149955749511718750e+00
1.043097019195556641e+01
1.180226898193359375e+01
1.056118011474609375e+01
1.951869773864746094e+01
2.060918235778808594e+01
1.828254890441894531e+01
1.056215667724609375e+01
1.806877517700195312e+01
7.134863376617431641e+00
8.690959930419921875e+00
1.653271102905273438e+01
1.220277595520019531e+01
5.377689838409423828e+00
1.218837165832519531e+01
7.877120494842529297e+00
5.346425056457519531e+00
6.064140796661376953e+00
6.085072517395019531e+00
1.150349235534667969e+01
1.513310337066650391e+01
6.747350215911865234e+00
1.929868888854980469e+01
6.663479804992675781e+00
2.186397933959960938e+01
1.026036167144775391e+01
1.480572795867919922e+01
1.691851997375488281e+01
8.740060806274414062e+00
9.921327590942382812e+00
1.165469360351562500e+01
1.118231391906738281e+01
1.672841072082519531e+01
7.783813476562500000e+00
8.048538208007812500e+00
7.338553905487060547e+00
2.250023841857910156e+01
2.010273742675781250e+01
1.136943912506103516e+01
6.731659412384033203e+00
9.433647155761718750e+00
1.772392845153808594e+01
1.919205665588378906e+01
1.614472198486328125e+01
2.535141181945800781e+01
8.976350784301757812e+00
2.542266654968261719e+01
1.169262695312500000e+01
5.988988399505615234e+00
1.009976959228515625e+01
1.610619926452636719e+01
2.006660270690917969e+01
1.272044181823730469e+01
1.875321960449218750e+01
5.758716106414794922e+00
1.736804962158203125e+01
1.809410667419433594e+01
8.365577697753906250e+00
7.028628826141357422e+00
1.309661102294921875e+01
6.419105052947998047e+00
1.254730510711669922e+01
9.524683952331542969e+00
4.435087680816650391e+00
1.367100906372070312e+01
7.929705142974853516e+00
1.238180637359619141e+01
8.472571372985839844e+00
9.785057067871093750e+00
2.558407402038574219e+01
1.497228240966796875e+01
6.030619144439697266e+00
1.913411903381347656e+01
1.530608367919921875e+01
1.593397808074951172e+01
1.545532608032226562e+01
1.037883567810058594e+01
2.655505180358886719e+01
1.783534622192382812e+01
7.232903003692626953e+00
1.405176162719726562e+01
1.488792514801025391e+01
6.593732357025146484e+00
8.226666450500488281e+00
2.395924186706542969e+01
1.202691078186035156e+01
3.461484193801879883e+00
6.111677169799804688e+00
1.056778907775878906e+01
1.489949226379394531e+01
1.066214179992675781e+01
7.723217010498046875e+00
1.074684333801269531e+01
4.230269908905029297e+00
4.488599777221679688e+00
1.571290779113769531e+01
7.011202335357666016e+00
1.060776615142822266e+01
1.185305118560791016e+01
8.615966796875000000e+00
7.552845001220703125e+00
1.101819419860839844e+01
1.883926200866699219e+01
9.754823684692382812e+00
4.563923835754394531e+00
3.795986890792846680e+00
2.248298072814941406e+01
5.678095340728759766e+00
1.783274459838867188e+01
7.596158504486083984e+00
2.190698814392089844e+01
7.721015930175781250e+00
8.328486442565917969e+00
1.011341667175292969e+01
9.156134605407714844e+00
1.332212257385253906e+01
1.194801521301269531e+01
1.557470893859863281e+01
1.249564170837402344e+01
1.479825115203857422e+01
1.089849090576171875e+01
1.196079444885253906e+01
1.543478488922119141e+01
6.525333404541015625e+00
1.371045875549316406e+01
3.486122608184814453e+00
8.571194648742675781e+00
1.293273925781250000e+01
5.493344783782958984e+00
7.444457530975341797e+00
6.245047092437744141e+00
9.740703582763671875e+00
1.924059486389160156e+01
6.380266666412353516e+00
1.632839775085449219e+01
1.623822975158691406e+01
3.409667968750000000e+00
2.508299636840820312e+01
1.113447189331054688e+01
5.780781269073486328e+00
8.897034645080566406e+00
3.793794393539428711e+00
9.015895843505859375e+00
6.753256320953369141e+00
1.857050895690917969e+01
1.550308227539062500e+01
1.141063213348388672e+01
5.867783069610595703e+00
2.084649085998535156e+01
1.825275421142578125e+01
9.209686279296875000e+00
1.791401863098144531e+01
2.151602363586425781e+01
1.279144191741943359e+01
8.343494415283203125e+00
1.071630096435546875e+01
4.175827503204345703e+00
8.554249763488769531e+00
7.617650508880615234e+00
6.142204761505126953e+00
8.925916671752929688e+00
8.141002655029296875e+00
1.359147453308105469e+01
2.429942131042480469e+01
9.428345680236816406e+00
7.291950702667236328e+00
1.121265983581542969e+01
2.085964584350585938e+01
1.306208610534667969e+01
3.813960552215576172e+00
9.321319580078125000e+00
1.465211868286132812e+01
1.500434207916259766e+01
9.292520523071289062e+00
1.783363151550292969e+01
8.556928634643554688e+00
9.697152137756347656e+00
3.919214725494384766e+00
2.026048851013183594e+01
1.265184020996093750e+01
2.325625610351562500e+01
2.439612388610839844e+01
4.170403957366943359e+00
1.476332855224609375e+01
1.798151588439941406e+01
1.405333137512207031e+01
1.746771812438964844e+01
8.967790603637695312e+00
1.730852317810058594e+01
1.058605003356933594e+01
1.303827285766601562e+01
7.982581615447998047e+00
1.370149612426757812e+01
1.246530818939208984e+01
8.848988533020019531e+00
5.130749702453613281e+00
2.142616844177246094e+01
9.179498672485351562e+00
1.062091159820556641e+01
2.257712554931640625e+01
6.471977710723876953e+00
1.730945777893066406e+01
1.032038974761962891e+01
1.703894233703613281e+01
1.392760372161865234e+01
1.507436466217041016e+01
9.885337829589843750e+00
9.653133392333984375e+00
8.713296890258789062e+00
6.579806804656982422e+00
4.367959976196289062e+00
1.449024200439453125e+01
1.480976867675781250e+01
9.541765213012695312e+00
8.012642860412597656e+00
9.068027496337890625e+00
1.572295188903808594e+01
1.122228431701660156e+01
8.104187965393066406e+00
1.151454734802246094e+01
2.476646804809570312e+01
9.203378677368164062e+00
5.591040134429931641e+00
9.231012344360351562e+00
2.064486694335937500e+01
9.274673461914062500e+00
1.216919994354248047e+01
8.466121673583984375e+00
1.194200134277343750e+01
1.018232250213623047e+01
6.884090423583984375e+00
4.212848663330078125e+00
9.793401718139648438e+00
1.148259258270263672e+01
8.736606597900390625e+00
1.900247001647949219e+01
6.167840480804443359e+00
1.150381183624267578e+01
2.678713798522949219e+01
2.463811302185058594e+01
1.461396598815917969e+01
1.848575210571289062e+01
1.409629249572753906e+01
1.548425006866455078e+01
1.373455238342285156e+01
1.685996437072753906e+01
1.621145439147949219e+01
1.489567565917968750e+01
1.810297966003417969e+01
2.280535316467285156e+01
7.931134223937988281e+00
5.212195873260498047e+00
1.665860176086425781e+01
1.160058403015136719e+01
1.813690757751464844e+01
4.632704734802246094e+00
9.626520156860351562e+00
6.429749488830566406e+00
2.438808059692382812e+01
1.323564434051513672e+01
1.272266674041748047e+01
2.501412200927734375e+01
1.842835235595703125e+01
1.816886138916015625e+01
1.631153678894042969e+01
2.707515335083007812e+01
9.790435791015625000e+00
1.590763950347900391e+01
1.518369674682617188e+01
1.640966606140136719e+01
1.208004379272460938e+01
2.323925590515136719e+01
1.514661979675292969e+01
1.730924797058105469e+01
6.925498485565185547e+00
5.561550617218017578e+00
1.159157276153564453e+01
7.748643875122070312e+00
2.210903739929199219e+01
8.445583343505859375e+00
2.162241554260253906e+01
1.040735626220703125e+01
5.477020740509033203e+00
5.893411159515380859e+00
1.170970344543457031e+01
1.425225257873535156e+01
9.102045059204101562e+00
1.230746269226074219e+01
1.016728878021240234e+01
1.583987140655517578e+01
1.359626960754394531e+01
1.153357410430908203e+01
7.514332294464111328e+00
1.858138275146484375e+01
6.200831890106201172e+00
1.183013343811035156e+01
1.799710273742675781e+01
1.031316375732421875e+01
1.313950729370117188e+01
1.115467357635498047e+01
5.161489963531494141e+00
1.573808765411376953e+01
7.691948890686035156e+00
8.510519981384277344e+00
1.762900543212890625e+01
1.093415451049804688e+01
9.083409309387207031e+00
6.473402023315429688e+00
6.911257743835449219e+00
1.167704010009765625e+01
8.335243225097656250e+00
8.293939590454101562e+00
6.563548564910888672e+00
9.479003906250000000e+00
1.156418800354003906e+01
1.365131282806396484e+01
9.775554656982421875e+00
1.266526222229003906e+01
1.022999382019042969e+01
1.798480987548828125e+01
1.009845161437988281e+01
1.702959632873535156e+01
9.525892257690429688e+00
6.437320709228515625e+00
1.575700759887695312e+01
8.270594596862792969e+00
1.137964916229248047e+01
1.411235618591308594e+01
1.156278705596923828e+01
2.485223579406738281e+01
1.380762100219726562e+01
1.533096790313720703e+01
1.177971553802490234e+01
1.169942092895507812e+01
1.453845119476318359e+01
9.739637374877929688e+00
1.036312103271484375e+01
1.101976394653320312e+01
1.220261001586914062e+01
2.029323768615722656e+01
2.130307960510253906e+01
6.803107738494873047e+00
8.845350265502929688e+00
1.192610740661621094e+01
1.855097389221191406e+01
9.140601158142089844e+00
5.492984294891357422e+00
8.993761062622070312e+00
4.354821205139160156e+00
1.023708915710449219e+01
1.604715728759765625e+01
2.159087562561035156e+01
1.650984191894531250e+01
1.854305458068847656e+01
1.235424613952636719e+01
1.712125015258789062e+01
1.057064723968505859e+01
1.171620464324951172e+01
9.750615119934082031e+00
5.967031955718994141e+00
2.249365806579589844e+01
8.200335502624511719e+00
9.844899177551269531e+00
1.135030460357666016e+01
1.315102958679199219e+01
1.101347446441650391e+01
7.537730216979980469e+00
8.939955711364746094e+00
2.786857032775878906e+01
2.076174736022949219e+01
1.830746841430664062e+01
2.519545364379882812e+01
2.441967582702636719e+01
7.216753005981445312e+00
7.128826141357421875e+00
1.878421783447265625e+01
4.818708896636962891e+00
1.706923675537109375e+01
9.711508750915527344e+00
1.936584663391113281e+01
1.875431823730468750e+01
5.910227775573730469e+00
1.503238296508789062e+01
1.107621383666992188e+01
7.435044765472412109e+00
9.086448669433593750e+00
2.374480628967285156e+01
3.217974901199340820e+00
5.756163120269775391e+00
1.777237129211425781e+01
5.407280445098876953e+00
1.864571952819824219e+01
1.957585334777832031e+01
1.059921169281005859e+01
5.373124122619628906e+00
1.247423458099365234e+01
1.288606929779052734e+01
9.903802871704101562e+00
8.051298141479492188e+00
1.163717269897460938e+01
1.147883605957031250e+01
1.333560180664062500e+01
1.481640529632568359e+01
7.413503646850585938e+00
1.009882545471191406e+01
1.912482643127441406e+01
1.477201461791992188e+01
1.317735290527343750e+01
3.961671352386474609e+00
8.176817893981933594e+00
1.502421855926513672e+01
1.159087371826171875e+01
1.652004623413085938e+01
6.684028625488281250e+00
1.836278533935546875e+01
1.192306518554687500e+01
2.305035400390625000e+01
4.621288299560546875e+00
6.542426586151123047e+00
1.596705150604248047e+01
4.709844112396240234e+00
6.308742046356201172e+00
8.134788513183593750e+00
2.084955787658691406e+01
1.324905395507812500e+01
7.704336643218994141e+00
7.892717838287353516e+00
1.207706928253173828e+01
1.124619865417480469e+01
1.638939094543457031e+01
5.522816181182861328e+00
1.441411972045898438e+01
1.006409358978271484e+01
1.402692031860351562e+01
2.265316009521484375e+01
1.178866291046142578e+01
2.262681579589843750e+01
7.942897319793701172e+00
7.910489559173583984e+00
9.624780654907226562e+00
2.757360267639160156e+01
7.102727413177490234e+00
7.476985931396484375e+00
1.139442253112792969e+01
9.443069458007812500e+00
1.216984939575195312e+01
4.311489582061767578e+00
1.109653472900390625e+01
9.518508911132812500e+00
1.751996803283691406e+01
6.668459892272949219e+00
8.411905288696289062e+00
2.872485351562500000e+01
8.904335021972656250e+00
9.445073127746582031e+00
9.570509910583496094e+00
7.463336467742919922e+00
5.854148387908935547e+00
5.900831699371337891e+00
9.836684226989746094e+00
9.090465545654296875e+00
2.369076347351074219e+01
5.937016963958740234e+00
1.004190826416015625e+01
1.240614795684814453e+01
7.408857822418212891e+00
1.187107086181640625e+01
7.795861721038818359e+00
1.659504699707031250e+01
1.549577903747558594e+01
2.105442237854003906e+01
1.004442787170410156e+01
8.186243057250976562e+00
1.033956718444824219e+01
1.276478004455566406e+01
6.678262233734130859e+00
7.471108913421630859e+00
7.411756992340087891e+00
9.437284469604492188e+00
3.497046470642089844e+00
7.380445003509521484e+00
1.313957214355468750e+01
2.347887611389160156e+01
1.992151069641113281e+01
7.022822856903076172e+00
2.327642822265625000e+01
1.073580741882324219e+01
2.043157958984375000e+01
8.559283256530761719e+00
5.579729557037353516e+00
1.936091804504394531e+01
5.676152706146240234e+00
5.302553176879882812e+00
1.451675224304199219e+01
1.465000724792480469e+01
5.405603885650634766e+00
1.189075565338134766e+01
1.453821849822998047e+01
1.043105983734130859e+01
1.987052345275878906e+01
9.672128677368164062e+00
1.124493217468261719e+01
4.109137535095214844e+00
1.099522018432617188e+01
1.130628776550292969e+01
1.676323318481445312e+01
6.783501148223876953e+00
1.218834590911865234e+01
1.004891014099121094e+01
1.518067550659179688e+01
6.980554580688476562e+00
9.382754325866699219e+00
1.324456977844238281e+01
1.181233406066894531e+01
7.021448612213134766e+00
8.952388763427734375e+00
5.510309219360351562e+00
1.035345458984375000e+01
1.080560493469238281e+01
1.456629943847656250e+01
7.561433315277099609e+00
1.527653789520263672e+01
9.676947593688964844e+00
7.568568229675292969e+00
1.896795845031738281e+01
1.388204002380371094e+01
8.237684249877929688e+00
2.052020835876464844e+01
2.185666656494140625e+01
1.235046577453613281e+01
9.575210571289062500e+00
8.266919136047363281e+00
8.191548347473144531e+00
1.840111351013183594e+01
9.054000854492187500e+00
1.298615837097167969e+01
1.055933475494384766e+01
8.194305419921875000e+00
1.727812767028808594e+01
1.868599700927734375e+01
8.103431701660156250e+00
1.348976898193359375e+01
1.011582565307617188e+01
7.224478721618652344e+00
2.155741310119628906e+01
6.119967460632324219e+00
8.637154579162597656e+00
1.244999694824218750e+01
1.082498168945312500e+01
9.635726928710937500e+00
6.824870586395263672e+00
9.130095481872558594e+00
1.173965358734130859e+01
1.985625267028808594e+01
1.162619876861572266e+01
1.388990211486816406e+01
1.078865337371826172e+01
2.439507675170898438e+01
7.969086647033691406e+00
2.585547065734863281e+01
6.497437953948974609e+00
2.430588722229003906e+01
7.917654991149902344e+00
1.196284961700439453e+01
1.324031066894531250e+01
2.031229972839355469e+01
2.343209266662597656e+01
1.974154472351074219e+01
8.876788139343261719e+00
1.404395103454589844e+01
2.213113594055175781e+01
1.116258430480957031e+01
6.693506240844726562e+00
1.412077045440673828e+01
1.066784000396728516e+01
1.811387443542480469e+01
1.051513862609863281e+01
8.470239639282226562e+00
1.477177429199218750e+01
1.089305496215820312e+01
1.239164733886718750e+01
1.136728000640869141e+01
1.051897335052490234e+01
1.209249496459960938e+01
4.644471168518066406e+00
9.954205513000488281e+00
1.603102874755859375e+01
1.004366874694824219e+01
8.743860244750976562e+00
1.449979209899902344e+01
3.931867361068725586e+00
9.137468338012695312e+00
1.034049797058105469e+01
1.224212455749511719e+01
9.495235443115234375e+00
8.640210151672363281e+00
3.533856391906738281e+00
2.172946739196777344e+01
9.554239273071289062e+00
7.160817623138427734e+00
4.065191268920898438e+00
2.010424041748046875e+01
1.265449619293212891e+01
1.530450916290283203e+01
6.370929241180419922e+00
8.163983345031738281e+00
1.114828491210937500e+01
1.024746513366699219e+01
8.907897949218750000e+00
1.835951805114746094e+01
1.303663063049316406e+01
9.832006454467773438e+00
2.119049072265625000e+01
1.134173011779785156e+01
1.339890956878662109e+01
1.309215354919433594e+01
1.941082191467285156e+01
7.383265972137451172e+00
1.333205413818359375e+01
5.891787052154541016e+00
7.148053646087646484e+00
1.063284683227539062e+01
9.437908172607421875e+00
5.969735145568847656e+00
9.085796356201171875e+00
8.359615325927734375e+00
6.403285503387451172e+00
6.380068302154541016e+00
2.050158882141113281e+01
1.179660224914550781e+01
1.186334609985351562e+01
2.652618217468261719e+01
1.108073902130126953e+01
1.664478111267089844e+01
8.904610633850097656e+00
6.417464256286621094e+00
